2 325 0.5334357156390679
325 43 0.5419903344542177
325 151 0.5373171241234351
325 411 0.525585948039942
3 51 0.5520620366046777
3 326 0.561834811436646
51 196 0.551422045113419
51 326 0.7415197408618085
326 196 0.5511564243803768
6 56 0.5307337422898746
6 62 0.5720274401227183
6 186 0.5949804104622719
6 236 0.6427849690160603
56 30 0.5871170653878125
56 55 0.6575802402585719
56 58 0.6821642808034046
56 62 0.5786927082955665
56 88 0.6287102572554768
56 100 0.6893575798568088
56 101 0.6539483497339366
56 109 0.6776046437775738
56 132 0.5221950790651689
56 144 0.5258297001968157
56 175 0.6531125973517141
56 186 0.5728401162693229
56 199 0.6158975535659759
56 222 0.6871971381705719
56 236 0.5433997187165232
56 244 0.6810930776618725
56 248 0.6542547530378797
56 262 0.5432760891406413
56 264 0.6334828068292222
56 267 0.5305607364247542
56 269 0.6162781322539116
56 299 0.6503664397461708
56 320 0.6130673223113812
56 338 0.6692671276312274
56 348 0.6836542034702241
56 353 0.61613148066784
56 357 0.6367021153795595
56 366 0.6294040746270526
56 372 0.6599079217760004
56 399 0.7049377497624301
56 402 0.6754266620427011
56 417 0.6017911994783194
56 428 0.6554597155243869
56 438 0.626802324380304
56 457 0.5894838021756513
56 474 0.6690889555121042
62 30 0.6046558650180028
62 55 0.558171269386802
62 88 0.5861825477543393
62 100 0.537334177397195
62 101 0.5425488822272314
62 109 0.5394978161920756
62 186 0.6884790475727393
62 222 0.5561655539238203
62 236 0.680535976367962
62 244 0.5757113237417171
62 264 0.5567344440376819
62 269 0.5416409905250614
62 299 0.5484020057357482
62 348 0.5729405768195266
62 353 0.5993197732326278
62 357 0.561832034250943
62 366 0.5879155694933188
62 399 0.5286978350139981
62 402 0.5658114830325226
62 407 0.6243136048590305
62 417 0.6094385033977171
62 428 0.5445837036710433
62 438 0.544683911797628
62 457 0.5696508483758209
62 474 0.5654211264522875
186 30 0.6303478011922045
186 55 0.5921156522835946
186 58 0.5230907920265169
186 88 0.6259153285432678
186 100 0.5800655095497488
186 101 0.5760933545829133
186 109 0.5847130181441239
186 175 0.5211691779147284
186 222 0.5742509509642494
186 236 0.7304183961009956
186 244 0.595238228071491
186 248 0.5438567423874849
186 264 0.5991969189558741
186 269 0.5291777108270906
186 299 0.6071115052055222
186 348 0.5867494094899022
186 353 0.5977618883166652
186 357 0.5991815399931899
186 366 0.6245573176830085
186 399 0.5882420606484634
186 402 0.6099664645913587
186 407 0.640216529422868
186 417 0.5507297298975218
186 428 0.5530975446546681
186 438 0.5588238986709416
186 457 0.5494122813529306
186 474 0.5449651927896387
236 30 0.6444217221545879
236 55 0.5463326326662528
236 88 0.5564558860563867
236 100 0.5264681994826365
236 199 0.5403231865127587
236 244 0.5489550243300992
236 264 0.5675316578816071
236 299 0.6102256564198776
236 348 0.520846649188861
236 353 0.6162453425686478
236 357 0.5486023330349279
236 366 0.6123471831566253
236 399 0.5679159220368378
236 402 0.5429082918788563
236 407 0.6224633803887473
236 417 0.5218387722223529
7 93 0.5596867787984707
7 353 0.5434959774520718
7 417 0.5393381403589445
7 438 0.5429588601866141
93 19 0.6086165405070663
93 39 0.5330207167820101
93 46 0.52016802798257
93 97 0.5550067990274294
93 163 0.5957098524416875
93 206 0.536172099594564
93 267 0.5798268022223103
93 355 0.5864530744331009
93 417 0.5408492434527443
93 421 0.7606277499582514
93 470 0.6412966731252602
353 26 0.5487091108411429
353 30 0.7051072500581973
353 40 0.5292519785800655
353 55 0.6538218320986607
353 58 0.6222870105705752
353 88 0.5994129513377162
353 100 0.5981090230540689
353 101 0.6596486944454538
353 109 0.6742480017061337
353 144 0.5185508236904492
353 175 0.6264175470160924
353 199 0.5480492935269142
353 222 0.655920683003441
353 244 0.6241512417140013
353 248 0.6317958576116357
353 262 0.5858488849905743
353 264 0.7559760981184838
353 267 0.5588172830006197
353 269 0.641046319123123
353 285 0.6114731703034718
353 299 0.638550907731114
353 333 0.5209936549551694
353 338 0.6208101388383102
353 348 0.6692281730434493
353 357 0.7652884863991316
353 366 0.6673468638406506
353 372 0.6274634794618618
353 399 0.5466854722350264
353 402 0.6581002095709712
353 417 0.7820518952981322
353 428 0.6576604600599207
353 438 0.7818964522372672
353 457 0.5178406916396741
353 474 0.6023489279626391
417 19 0.5582439733400375
417 26 0.5611127577067392
417 30 0.6802654768702106
417 46 0.5773236172417897
417 47 0.611858454903695
417 55 0.6897491846322835
417 58 0.7017272026784728
417 75 0.5810187483114021
417 88 0.6403866771585892
417 97 0.569772467404107
417 100 0.5603535345851693
417 101 0.709234069092612
417 109 0.7257166210421012
417 144 0.5263610344287132
417 175 0.7036022202243536
417 199 0.5627872878898691
417 206 0.5264094726630265
417 222 0.6998660961570728
417 225 0.5428409588376483
417 244 0.6706905538524338
417 248 0.6730165860183203
417 262 0.5976846364358704
417 264 0.7875591900638399
417 267 0.6728839588756288
417 269 0.7594443154019942
417 285 0.5874856220235114
417 299 0.6073613146671284
417 320 0.5187693904416533
417 338 0.7472009665242806
417 348 0.7212415224950053
417 357 0.755923649665157
417 366 0.6690564737288601
417 372 0.6907247666549274
417 402 0.7280443027455329
417 428 0.7587246770791838
417 438 0.8001368761871375
417 457 0.6057060376901372
417 474 0.6783887326547923
438 26 0.5489917300736161
438 30 0.7229595636447192
438 46 0.5296595954783625
438 47 0.5477736293464416
438 55 0.7623172379257174
438 58 0.7313967243528924
438 75 0.5830673473166875
438 88 0.6975382136532889
438 100 0.6713379522448576
438 101 0.7523281696948495
438 104 0.5356461300375562
438 109 0.7641478635552867
438 132 0.574363120729107
438 144 0.5759197590326801
438 175 0.7638510385563912
438 199 0.6575299886264299
438 222 0.7605747214757476
438 244 0.7277014992634717
438 248 0.7297313068914164
438 262 0.6240151545442152
438 264 0.8830594757870597
438 267 0.6540660838029733
438 269 0.7359630256951704
438 285 0.652056300536931
438 299 0.7349916387019566
438 320 0.5319954931029075
438 338 0.6998719104194886
438 348 0.7618647042532891
438 357 0.8149787404754898
438 363 0.5449333326878026
438 366 0.7365984428254986
438 372 0.7636557489560386
438 399 0.5427116818228171
438 402 0.7860165064273823
438 428 0.7673643456274275
438 457 0.6058956971664272
438 474 0.7364595137101675
8 340 0.5837607090662955
8 409 0.5272124848342606
8 413 0.5716912881173709
8 455 0.5462916604087309
340 413 0.5847949336116618
409 40 0.5217720487164461
409 116 0.5608615936891324
409 146 0.5411518692842537
409 184 0.5416527942484214
409 225 0.5556060842772363
409 376 0.5649403361877855
9 352 0.6660508462418269
352 350 0.5300391421697184
10 24 0.6118410980571678
10 128 0.6127216412999605
10 395 0.6155493047698621
10 432 0.5214124655094784
24 128 0.805979659111918
24 395 0.7096502393235206
24 432 0.6934915913687151
128 395 0.7359670344013536
128 432 0.675689884591581
395 432 0.6057001682952801
12 52 0.521037691547692
52 42 0.685979071666642
52 159 0.7766000142745718
52 160 0.7676362076302625
52 292 0.6557124759249571
52 426 0.8271092823667427
17 26 0.5215275267130486
26 30 0.5564105245532099
26 55 0.5743170350910068
26 58 0.6045476957738363
26 75 0.6108967522727521
26 88 0.556472878168458
26 100 0.5549001367219502
26 101 0.536232064159646
26 109 0.5495477546197285
26 132 0.665464685123808
26 175 0.6096486622518633
26 199 0.5176914318245837
26 222 0.5272361212385331
26 244 0.5843872739167102
26 248 0.6019822421607836
26 264 0.5578674543531337
26 269 0.6009043939675528
26 299 0.5373629814056466
26 338 0.5317701899090316
26 348 0.5657932755349386
26 357 0.5289077956351297
26 366 0.5617997650270413
26 372 0.5477305334607577
26 402 0.6165698988772514
26 404 0.5340422214126616
26 428 0.6187670956254403
26 457 0.5333747558613365
26 474 0.5736737235027004
18 23 0.7939900240901011
18 25 0.8230220791615463
18 29 0.6536690212783574
18 84 0.6770107076289327
18 105 0.8383054805979772
18 113 0.806967701230743
18 138 0.7204545484028563
18 141 0.8117275149372865
18 143 0.7955764562038682
18 153 0.7649780941285741
18 162 0.8458874491179229
18 164 0.6058664561185472
18 176 0.5518407061066334
18 313 0.7146296694000482
18 316 0.7585244542663274
18 346 0.8623414071710951
18 351 0.6900088627545975
18 358 0.6615054983287632
18 387 0.6704110215545175
18 394 0.6408138691467161
18 456 0.8429110341391701
18 467 0.8446794948683214
23 25 0.7326356994331514
23 29 0.6598193840761439
23 84 0.6600331677584319
23 105 0.7961162585763246
23 113 0.7703117255651772
23 138 0.6726991101908366
23 141 0.7881971054307194
23 143 0.7318093324446889
23 153 0.7055430357205309
23 162 0.7656553335540308
23 164 0.63776022482985
23 176 0.535769711883314
23 313 0.5966810579421059
23 316 0.6934872575320464
23 346 0.7984211045011663
23 351 0.6485704618687631
23 358 0.6377420726569905
23 387 0.6386123735697232
23 394 0.588079772923873
23 456 0.7813340071529198
23 467 0.786813467838905
25 29 0.6139751665673469
25 84 0.6059090217158764
25 105 0.8026124266068695
25 113 0.8081276139670721
25 138 0.6925768742539873
25 141 0.7880621204768521
25 143 0.7682564894232559
25 153 0.734345415809689
25 162 0.7869572836270041
25 164 0.5920793355432798
25 176 0.5415374849255912
25 313 0.6667114131700497
25 316 0.6889367956711904
25 346 0.7989308085305307
25 351 0.6668497412482361
25 358 0.6554249710989654
25 387 0.6405533046368671
25 394 0.6645593239899549
25 456 0.7784558634572757
25 467 0.8341160026945953
29 84 0.6112674993909673
29 105 0.656159407873294
29 113 0.7201343326720554
29 138 0.604137483376063
29 141 0.6513665169654597
29 143 0.6182740575261394
29 153 0.6237342588845308
29 162 0.6192460057573502
29 164 0.5246019527940995
29 316 0.6366223092106874
29 346 0.670121751930373
29 358 0.5529622357427203
29 387 0.5870793758816697
29 394 0.5581605534850426
29 456 0.6946669460837355
29 467 0.636375818146329
84 105 0.6752407624377293
84 113 0.6441305887979244
84 138 0.5705054526929377
84 141 0.6805443917171393
84 143 0.625151355751201
84 153 0.6525316357102166
84 162 0.6046220468503932
84 313 0.5243547253174449
84 316 0.6181800481202137
84 346 0.6925649269092984
84 351 0.5917651570689229
84 358 0.5429401895837127
84 387 0.6496859750155034
84 456 0.6205976701006735
84 467 0.6501099546688912
105 113 0.830776304704889
105 138 0.7091939749019043
105 141 0.844069586034073
105 143 0.8057799109756726
105 153 0.7283175322773087
105 162 0.8203093377948627
105 164 0.6187424956392444
105 176 0.5633195653918371
105 313 0.6587373588224691
105 316 0.7266461309812428
105 346 0.822337204845372
105 351 0.693999854986136
105 358 0.6449294533110127
105 387 0.6257740596479301
105 394 0.6366087762417713
105 456 0.7905138910360959
105 467 0.8711290262663259
113 138 0.7325825136048807
113 141 0.8180230739373647
113 143 0.8219976848864065
113 153 0.7410213294374292
113 162 0.8308056158593524
113 164 0.632580159711955
113 176 0.5505538786129256
113 313 0.655060559284706
113 316 0.6985401139250882
113 346 0.8376369216935516
113 351 0.6879974946770245
113 358 0.6825228314099553
113 387 0.6441394187304113
113 394 0.6975736673799182
113 456 0.8396043884732489
113 467 0.84915646326153
138 141 0.701726967684486
138 143 0.7387238961193673
138 153 0.6353075901798914
138 162 0.6741835295791808
138 164 0.5485247291352949
138 313 0.5789228153333861
138 316 0.633278803042204
138 346 0.6990338298950146
138 351 0.5474066918082903
138 358 0.6314860365475938
138 387 0.5922745527556971
138 394 0.6189400576400607
138 456 0.75156063423711
138 467 0.7121474932178681
141 143 0.769461727521484
141 153 0.6688635457279577
141 162 0.8097029851978642
141 164 0.6095622464402211
141 176 0.5640071040635849
141 313 0.6302235758845278
141 316 0.7285897535826136
141 346 0.8085707704078104
141 351 0.6965414976408559
141 358 0.6532663801063355
141 387 0.6452052443386981
141 394 0.6151085317115835
141 456 0.771252229649626
141 467 0.8095328678886927
143 153 0.7445699915446924
143 162 0.8015773908103502
143 164 0.603011169035933
143 176 0.5340678453258488
143 313 0.6386412517007842
143 316 0.6956814769944496
143 346 0.782524795344846
143 351 0.6746999529753819
143 358 0.6578520862877644
143 387 0.6456306581684167
143 394 0.6887519430418757
143 456 0.7950403121224919
143 467 0.8161069874077808
153 162 0.6858685992321482
153 164 0.6101244111462892
153 176 0.5245531375389919
153 313 0.5655258980315607
153 316 0.6563057514261363
153 346 0.7379462466746767
153 351 0.6077691647413377
153 358 0.6497695076321564
153 387 0.5847663086242827
153 394 0.5566725173914248
153 456 0.7237069269322869
153 467 0.7375839156128733
162 164 0.6137545571295988
162 176 0.5298075494160148
162 313 0.6590987282996931
162 316 0.7101224811200548
162 346 0.8233915090662122
162 351 0.6759258017078406
162 358 0.6778036876556413
162 387 0.6582462838027143
162 394 0.6614467042485681
162 456 0.7981512697362827
162 467 0.8311184787620757
164 176 0.5745336056195793
164 316 0.5348374247451758
164 346 0.5899092760471941
164 358 0.719928751375674
164 456 0.5621007013820579
164 467 0.6120090945563392
176 346 0.550330596852143
176 358 0.5781504608664905
176 456 0.5317169261266339
176 467 0.5940960872930044
313 316 0.5427750054127565
313 346 0.6655729963135935
313 351 0.538747588225227
313 456 0.6427348306291313
313 467 0.6610437465527751
316 346 0.7329255474769147
316 351 0.6212009973624125
316 358 0.5667860302359179
316 387 0.6366042771817176
316 394 0.5735850284402224
316 456 0.7100432018145677
316 467 0.7214971102898251
346 351 0.7009903950795413
346 358 0.6739777458310156
346 387 0.6600885456963058
346 394 0.6227067091848003
346 456 0.822099559297071
346 467 0.8615185768444922
351 358 0.554920202080078
351 387 0.6349480776680573
351 394 0.521933175812029
351 456 0.6500563339045382
351 467 0.7039936851366385
358 387 0.5247692481198295
358 456 0.6700144495449549
358 467 0.6761160786510655
387 149 0.6777720831673747
387 456 0.6241300867573708
387 467 0.6634328571781313
394 456 0.693823270273889
394 467 0.6619588573549695
456 467 0.8186158481587889
19 97 0.535774986306386
19 267 0.5312307530567945
19 355 0.6380943517686472
19 421 0.6343205809258077
97 267 0.5465803228800102
97 421 0.5479837181079257
267 30 0.5191884500340985
267 47 0.5567041121531269
267 55 0.5338882969903401
267 58 0.5882213075096241
267 88 0.5288284264347984
267 101 0.5551512742120205
267 109 0.5606844349688681
267 175 0.5817031067935556
267 206 0.5246211256955875
267 222 0.5738511242500842
267 244 0.5439989872514456
267 248 0.5463671018618507
267 262 0.5624021084991127
267 264 0.5893354569298982
267 269 0.6014938853924746
267 299 0.5408068680310772
267 338 0.5908148882507852
267 348 0.5841870512908671
267 357 0.5824760148209821
267 366 0.5511211679069055
267 372 0.5635273840429189
267 402 0.6050205232700345
267 421 0.5771370811637581
267 428 0.5981528404791737
267 474 0.5575713088240432
355 421 0.5862306585427889
421 470 0.5710352543918638
20 21 0.990687931062944
20 43 0.5339524849521218
20 171 0.7093153435259062
20 291 0.6032772562172912
21 43 0.5347937600695093
21 171 0.7075046471435407
21 291 0.6168660194669457
43 36 0.5788244642448227
43 49 0.5409921119461307
43 69 0.5517281458000685
43 171 0.5750079288734978
43 252 0.783753707060736
43 259 0.8904380302900925
43 278 0.5671499724850285
43 289 0.6760864440642835
43 290 0.6679515711010128
43 291 0.532523895478842
43 362 0.5502366438219047
43 381 0.5504107999448999
43 391 0.5466079069398563
43 411 0.6621920821358849
43 469 0.5331344259546127
171 259 0.5488996442063233
171 291 0.5521907810266501
171 336 0.5259007552598167
171 381 0.5197241477243615
291 278 0.6121705289166216
291 381 0.5453807699938129
291 401 0.5352700865181532
30 55 0.6640997579820213
30 58 0.6385605178894003
30 75 0.5260923737924585
30 88 0.5933940478003663
30 100 0.5951971576852174
30 101 0.6535499858556941
30 109 0.6334928541965112
30 175 0.6470276870080847
30 199 0.5988788498261689
30 222 0.616360988179044
30 244 0.63128146007541
30 248 0.6248368683386695
30 262 0.5374611132131872
30 264 0.7190899323890075
30 269 0.603711193072168
30 299 0.6486534901623431
30 338 0.5836258266679117
30 348 0.6376279951526855
30 357 0.6628173811487226
30 366 0.6808099854275406
30 372 0.634885023147243
30 399 0.5464831147465556
30 402 0.6789587829606007
30 428 0.6322948128453586
30 457 0.5383300177719899
30 474 0.664736780073928
55 58 0.7941380698860585
55 75 0.651480959893435
55 88 0.7591707558735409
55 100 0.8197485934748465
55 101 0.8145488781161171
55 104 0.517155426818336
55 109 0.8222384265796365
55 132 0.6513318734022441
55 144 0.6047610431606167
55 175 0.7952737335785142
55 199 0.7523764107966884
55 222 0.8158557834314643
55 244 0.9084704184889503
55 248 0.821369256783321
55 262 0.6302262129750024
55 264 0.8165794778932499
55 269 0.7582985999617313
55 285 0.5913954229968557
55 299 0.8416629522276157
55 320 0.5700960573538958
55 338 0.7745260262515695
55 348 0.8373870519122842
55 357 0.7800750472533486
55 366 0.7746853505845561
55 372 0.8082031190320692
55 399 0.6208101784739599
55 402 0.8653039402041728
55 428 0.8120748078832963
55 457 0.7326174415098553
55 474 0.767901944121221
58 47 0.5225682022519658
58 75 0.6285131770039062
58 88 0.7054201130284298
58 100 0.7359421594852009
58 101 0.8071310234349613
58 104 0.5576531446609223
58 109 0.8214450759644828
58 132 0.5933957322450294
58 144 0.5913573287865279
58 175 0.8369678528420063
58 199 0.6842904820284923
58 222 0.8088286877155482
58 244 0.8003321409495668
58 248 0.7847749859729457
58 262 0.5685152970737707
58 264 0.7465305431202508
58 269 0.7928338045799069
58 285 0.5669701792325254
58 299 0.7270632175371614
58 320 0.51757395709819
58 338 0.795091358316454
58 348 0.8275625431405083
58 357 0.7219523395789804
58 366 0.7234441418328981
58 372 0.8155981308005472
58 399 0.5767880145166452
58 402 0.8633748395407784
58 428 0.8265292407034074
58 457 0.7198696096935572
58 474 0.8056576304954773
75 88 0.5866666256630455
75 100 0.5654968163485794
75 101 0.5550050118404001
75 109 0.5979443526285123
75 132 0.7380043926754916
75 144 0.5900523462989777
75 175 0.6772210739113038
75 199 0.5460058057781404
75 244 0.6418574821184755
75 248 0.5879196739764188
75 264 0.6170906220954399
75 269 0.6263413936162773
75 299 0.6100367028493973
75 338 0.5847289519114754
75 348 0.6237326502603242
75 357 0.6023411379832413
75 366 0.6042699641684727
75 372 0.5849214440971898
75 402 0.6661528113330095
75 404 0.6564886636517508
75 428 0.6295150460159108
75 457 0.5394253009940598
75 474 0.5740376728306317
88 100 0.6855271603501102
88 101 0.7343822171286343
88 104 0.5975001302247943
88 109 0.7715064088988823
88 132 0.5841326674229733
88 144 0.7932215293445631
88 175 0.7249571885558745
88 199 0.6723023694727213
88 222 0.7408514847545493
88 244 0.7365221590607443
88 248 0.7148507209270744
88 262 0.5523540900392075
88 264 0.7372100436579009
88 269 0.7041667908483248
88 285 0.6099235000071286
88 299 0.7321233982595846
88 320 0.6162977764512874
88 338 0.7302607824670067
88 348 0.7406237868833928
88 357 0.7231837135859562
88 363 0.5173799154499094
88 366 0.7932795095604883
88 372 0.7205576618096711
88 399 0.597810514600045
88 402 0.7623968199849822
88 428 0.6970502701762018
88 457 0.6576425731151748
88 474 0.7367134609809358
100 101 0.684731530974477
100 109 0.6999563309081495
100 132 0.5868947550270268
100 144 0.5472447597320298
100 175 0.7205993284928196
100 199 0.7488426660281825
100 222 0.7444666772715683
100 244 0.8403889442614929
100 248 0.7230964503629426
100 262 0.5659279065516276
100 264 0.6792698200165457
100 269 0.6751539440010853
100 285 0.5559855851557362
100 299 0.7716070083878395
100 320 0.6290335070354124
100 338 0.6771971403525755
100 348 0.7372379907374162
100 357 0.6982145668324475
100 366 0.7015215056404472
100 372 0.7203632491683454
100 399 0.6424840653360843
100 402 0.7631393460176465
100 428 0.709968304320286
100 457 0.6820530468701298
100 474 0.6870230223008638
101 47 0.5310661132770286
101 104 0.5346271359653503
101 109 0.8871722305827758
101 132 0.5568283985987401
101 144 0.5883543055614535
101 175 0.8386653436724513
101 199 0.6569010419204206
101 222 0.8399278786040557
101 244 0.7817111105155947
101 248 0.843111255429956
101 262 0.6124033979061657
101 264 0.7936426405867762
101 269 0.7989021420430442
101 285 0.6126132724249634
101 299 0.7554802105835916
101 320 0.5997298657027625
101 338 0.7817723404890828
101 348 0.82699903313787
101 357 0.7445816512332273
101 366 0.7564649523021258
101 372 0.8412766807187014
101 399 0.6103291812034378
101 402 0.869371754719061
101 428 0.8179922589973627
101 457 0.709112229156527
101 474 0.8121628596723035
109 47 0.519932776486923
109 104 0.5543009228664318
109 132 0.5834761935328849
109 144 0.6610841734092671
109 175 0.8450533451367571
109 199 0.6712677682492089
109 222 0.8507381717739977
109 244 0.7996567457752789
109 248 0.8544772273375271
109 262 0.6139389474891104
109 264 0.7934956992539073
109 269 0.8011689012724098
109 285 0.5852272620441514
109 299 0.7755538199205619
109 320 0.614384323535256
109 338 0.8235471703961447
109 348 0.8498539298387524
109 357 0.7120221652804917
109 366 0.7924225142823345
109 372 0.8583227116062982
109 399 0.6262983766907094
109 402 0.8732024243138734
109 428 0.7924504894614743
109 457 0.6970929815545478
109 474 0.8541488465921785
132 144 0.523568346447564
132 175 0.6056769109193625
132 199 0.529690866193042
132 222 0.5590634118061706
132 244 0.63625472749318
132 248 0.5856161683589315
132 264 0.5654867364307036
132 269 0.5693566247672102
132 299 0.5722914674998216
132 338 0.5682291901024105
132 348 0.5804367467405419
132 357 0.5437442875619656
132 366 0.5853239056607883
132 372 0.5753978984251169
132 402 0.630905087081219
132 404 0.6526084524392795
132 428 0.5930174591274595
132 457 0.52357872812909
132 474 0.5838608251925881
175 104 0.5557745260517623
175 144 0.6594924038298137
175 199 0.6771804938493486
175 222 0.8041241681985194
175 244 0.7985381216071612
175 248 0.8293731886935736
175 262 0.5894161406894733
175 264 0.7895102187897474
175 269 0.8016506196006356
175 285 0.6087592262856595
175 299 0.7444987776421226
175 320 0.567527402721422
175 338 0.7948250227490471
175 348 0.839679351843465
175 357 0.7425219669099135
175 366 0.7519364823666541
175 372 0.8558189906968088
175 399 0.5937702621895775
175 402 0.879720162869763
175 428 0.8070900830921133
175 457 0.686013188835951
175 474 0.8433125093376039
199 222 0.7034530047645905
199 244 0.7859998976262241
199 248 0.7132771475183229
199 262 0.5495457422428967
199 264 0.6683228894293535
199 269 0.6165654739458284
199 299 0.7902613445090517
199 320 0.588610500870333
199 338 0.6243876191060334
199 348 0.7348286321891525
199 357 0.6437606766097019
199 366 0.7132038901218958
199 372 0.7067677602841475
199 399 0.6327022074733969
199 402 0.7229080577583696
199 428 0.6639518190062897
199 457 0.6276730951744822
199 474 0.6432664881088704
222 104 0.5407649960786103
222 144 0.5926577119684948
222 244 0.8098851692333392
222 248 0.8597515314889322
222 262 0.6233909968457361
222 264 0.7816294425992538
222 269 0.8279673199197184
222 285 0.6042045508910321
222 299 0.7601087519443231
222 320 0.5804189558934251
222 338 0.8211126531518528
222 348 0.8406937038989627
222 357 0.7243295167601166
222 366 0.7646193879923922
222 372 0.8303509507828335
222 399 0.5676887732622968
222 402 0.8682347464378881
222 428 0.8009067589983603
222 457 0.7299434232530125
222 474 0.8193555735786486
244 104 0.5392375667922737
244 144 0.6203474655765212
244 248 0.7945803884132473
244 262 0.6327630446272499
244 264 0.7609590133592928
244 269 0.773670628857061
244 285 0.562454400861686
244 299 0.8320242866443082
244 320 0.6007398987919171
244 338 0.7648478815358114
244 348 0.8373421697944374
244 357 0.7351182863721262
244 363 0.5175837574461999
244 366 0.7604336902303184
244 372 0.8054266503555136
244 399 0.6436754368791209
244 402 0.8391099644170682
244 428 0.8165696670486321
244 457 0.7389008494206354
244 474 0.7643906052930152
248 47 0.5477730384454302
248 104 0.5427038657422565
248 144 0.6111678380254908
248 262 0.5926644338037411
248 264 0.7780812922581521
248 269 0.7908743919083588
248 285 0.5645605979243585
248 299 0.7863757496549107
248 320 0.5578232279281375
248 338 0.7917235959126427
248 348 0.8365339717610298
248 357 0.700489166942782
248 366 0.7397178701315689
248 372 0.8474711956106543
248 399 0.5903941012836471
248 402 0.8658388287316567
248 428 0.767038220570521
248 457 0.7074716134676815
248 474 0.8148916414218556
264 47 0.5246283017536967
264 144 0.6152946232726637
264 145 0.5177069833280465
264 262 0.6254402566626303
264 269 0.7593637910395451
264 285 0.6820316261651542
264 299 0.7644546847369483
264 320 0.517574868526002
264 333 0.5316394906642019
264 338 0.7592026139504723
264 348 0.8119837003600969
264 357 0.8633576839120137
264 363 0.5584345356729599
264 366 0.7576132077745569
264 372 0.775939149825873
264 399 0.5494794560367181
264 402 0.8193327838702457
264 428 0.8014380705315709
264 457 0.6480230571701514
264 474 0.7450821642588936
269 104 0.546445541584506
269 144 0.5873321769981981
269 262 0.5738402215113434
269 285 0.5748332925515202
269 299 0.6662106733287068
269 320 0.5771759177104693
269 338 0.7902820999310111
269 348 0.838562778094807
269 357 0.7106367934327845
269 366 0.6970941568832278
269 372 0.8085152053039514
269 399 0.5467675587989433
269 402 0.8551752959213876
269 428 0.8554635783639835
269 457 0.6871365059739485
269 474 0.7768393793992011
299 144 0.5935019417137698
299 262 0.6163117081993108
299 285 0.5602397852773715
299 338 0.7149313271089374
299 348 0.7864197411163186
299 357 0.7211869430895825
299 366 0.7660520905148955
299 372 0.7413143528685446
299 399 0.6210245270936349
299 402 0.7898952744279002
299 428 0.7265568837293396
299 457 0.6849599707667766
299 474 0.7185612243883182
338 47 0.5209537801163995
338 104 0.5489879669255286
338 144 0.556139194183906
338 262 0.6313482817938292
338 285 0.6007807770765228
338 320 0.5644105400744346
338 348 0.7840616115049381
338 357 0.7159833798595304
338 366 0.7131676054276189
338 372 0.784452290664308
338 399 0.5595194295836097
338 402 0.8200336202983305
338 428 0.7766762782188008
338 457 0.7078298919633191
338 474 0.8121609654772106
348 104 0.539270321889931
348 144 0.6201367979986548
348 262 0.6376350118182754
348 285 0.6264923192868272
348 320 0.5579620797947134
348 357 0.7667169877961492
348 366 0.7753013139231604
348 372 0.8342340388428431
348 399 0.62857079369255
348 402 0.8892288396374817
348 428 0.8557624364193018
348 457 0.7321585452825877
348 474 0.8113998632658405
357 144 0.607482537753851
357 262 0.615456909383756
357 285 0.7231400366731411
357 366 0.7236073974739703
357 372 0.7133914625268912
357 399 0.5352359845562653
357 402 0.7513919644704438
357 428 0.7585427456078642
357 457 0.6296337997005791
357 474 0.7009179336536412
366 104 0.5618948539208074
366 144 0.6903722358741863
366 262 0.6028774840281421
366 285 0.5728355651307665
366 320 0.5881089167585335
366 372 0.7378677986086838
366 399 0.6030180483928651
366 402 0.7787481457220723
366 428 0.7302844816555788
366 457 0.6556496993338038
366 474 0.7493007754141737
372 104 0.5266889068384139
372 144 0.623205696284617
372 262 0.6373282485090679
372 285 0.5832696904867678
372 320 0.5719460628171965
372 399 0.5905974300346503
372 402 0.8635476496199627
372 428 0.7905228267195216
372 457 0.7242987987998752
372 474 0.8492922915997813
402 104 0.5565641949113389
402 144 0.6344984641544729
402 262 0.6427477014477088
402 285 0.6038850621341113
402 320 0.6124187064124897
402 363 0.5198332385270036
402 399 0.6347356961518673
402 428 0.8537780018323813
402 457 0.7434862444206785
402 474 0.8429576283713396
428 104 0.5357544431370318
428 144 0.5784496335594521
428 262 0.6013406233175187
428 285 0.5952186411308303
428 320 0.5174760484927391
428 399 0.5712129585716295
428 457 0.7120592825214597
428 474 0.7490962362552955
457 262 0.5578543523936113
457 285 0.5251815063941812
457 474 0.6840690073258705
474 104 0.5372369556492448
474 144 0.6207523302289254
474 262 0.6111327258430478
474 285 0.5603057105949619
474 320 0.5769726214024999
474 399 0.6266700881066904
28 118 0.6419190347986868
28 382 0.7156224874443005
118 382 0.6597418961134343
262 145 0.568964741485788
399 320 0.6407618541980519
31 76 0.6527454637144732
31 282 0.6812295816676197
76 282 0.6904159944488222
32 184 0.5616143358592657
32 225 0.598888003107577
32 227 0.5204359376855208
32 333 0.560573294015607
32 337 0.563502176021027
32 376 0.546308920161386
184 40 0.535139460786365
184 225 0.59420578951854
184 227 0.5695550697972808
184 333 0.5449286241513596
184 378 0.5258053783743819
225 40 0.5709129570078872
225 148 0.5426686203294934
225 191 0.5276809554706072
225 217 0.5521941214976754
225 227 0.5885645680529188
225 277 0.5474838433847643
225 333 0.5770643763235596
225 337 0.5255457184281278
225 376 0.5305987909303104
225 378 0.5422542325813414
225 397 0.6148387689968999
227 40 0.6032174063340566
227 146 0.5645145724506927
227 191 0.5305694588625242
227 277 0.5282336474525086
227 333 0.5290990689743277
227 337 0.5197024915666917
227 376 0.5176912271137292
333 80 0.5873393741296042
333 121 0.5645965964865728
333 139 0.5789613319025791
333 146 0.6012032358826837
333 152 0.537963274216955
333 337 0.6155733438476148
333 376 0.6472100835900007
333 378 0.5210365783380227
337 139 0.5430356035970152
337 146 0.5406663137693413
337 376 0.5390893808145334
376 139 0.5357218773416654
376 146 0.5469658920674495
34 278 0.5172654386632324
278 198 0.5215846194679263
278 259 0.552786894425205
278 336 0.622277530096067
278 381 0.5895861498023997
278 448 0.8105350084751316
35 41 0.623766616614498
35 90 0.5900935029284659
35 96 0.606886159016769
35 111 0.5913517131803594
35 112 0.563519065557898
35 130 0.748029105379
35 155 0.6672322595088421
35 202 0.5781676048438044
35 210 0.5685558111608066
35 213 0.61612339544182
35 272 0.6319615691988624
35 309 0.628557655915731
35 317 0.6750784458014434
35 327 0.5372248621930881
35 347 0.5604426000546976
35 384 0.565737056894808
41 90 0.7007048881817389
41 96 0.6414854842516298
41 111 0.6369235258520933
41 112 0.5443447512128529
41 130 0.6719285368131992
41 155 0.699107826285144
41 202 0.5925707401044391
41 210 0.5185185413566664
41 213 0.6667174957853369
41 272 0.6233128376341255
41 304 0.5455857778748523
41 309 0.6310820401970479
41 317 0.7028795383268474
41 327 0.5273567154733333
41 347 0.6106489771085939
41 384 0.5977235009614226
41 410 0.5258275061537551
90 96 0.6599775239927466
90 111 0.6208955543987629
90 112 0.5675369296661743
90 130 0.7036689591666255
90 155 0.6763824581094031
90 156 0.5334590890274058
90 202 0.6241487899773825
90 210 0.5500143042360505
90 213 0.6356544028913222
90 272 0.6497772825422351
90 304 0.5454996860509961
90 309 0.734351501138158
90 317 0.5468198478120687
90 327 0.5343213326234139
90 347 0.6059039243506602
90 365 0.6637971510333959
90 384 0.5637767315106826
90 410 0.5404539454033037
96 111 0.7554461468664647
96 112 0.6105464582207265
96 130 0.7453243697168467
96 155 0.7273043515065323
96 202 0.5643918933330794
96 210 0.5364544350366094
96 213 0.6204346017899594
96 272 0.6332314108429649
96 309 0.6970709847371664
96 317 0.6117827310798196
96 327 0.5503584443007402
96 347 0.6622534258523065
96 384 0.5396125833342061
96 410 0.5300844256328361
111 112 0.5678308098260934
111 130 0.7347702423396962
111 155 0.7858058822532329
111 202 0.6001848369380903
111 213 0.5959325181632414
111 272 0.6153737903580864
111 309 0.6977267245365995
111 317 0.6548245852078883
111 327 0.5361968742222681
111 347 0.7198337483841225
111 384 0.5293185569899553
112 91 0.5988481571659575
112 130 0.6976324430702372
112 155 0.689996811111034
112 169 0.5932560891932963
112 202 0.5661031519508363
112 210 0.5782954899880043
112 213 0.5989719620732695
112 272 0.6912480159091836
112 304 0.5673300116692189
112 309 0.6037044559787546
112 317 0.5536775710001872
112 327 0.5978505386707177
130 91 0.5281593442793249
130 155 0.78956459864433
130 202 0.6708936492015638
130 210 0.6554137255500304
130 213 0.7313307219753807
130 272 0.7832651784073392
130 304 0.6164868240238758
130 309 0.7629803969421106
130 317 0.6955471753980068
130 327 0.6022684745210523
130 329 0.5538628290693839
130 347 0.6424238945869528
130 365 0.5592701678612659
130 384 0.5987298055813544
130 410 0.5776248815491588
155 91 0.5579919668517412
155 202 0.6531952399874329
155 210 0.6208409947501119
155 213 0.6839175766781562
155 272 0.7182689980791495
155 304 0.5583675919149834
155 309 0.7129064303137065
155 317 0.6920502231902173
155 327 0.6397633083018294
155 329 0.525287079560217
155 347 0.7295915395767083
155 365 0.521089947243891
155 384 0.5918154170826483
155 410 0.5578652854279483
202 210 0.6113966121055374
202 213 0.6075408137396258
202 272 0.6126161671541464
202 304 0.6296669793852107
202 309 0.6239036936607529
202 317 0.5987437544432305
202 327 0.5551145949289056
202 347 0.5672898631827531
202 384 0.7040977236702112
202 410 0.5773780675099783
210 213 0.626124885387495
210 272 0.6440789207946883
210 304 0.6795708094719063
210 309 0.5970897913377945
210 317 0.5511665514690296
210 384 0.5970496376468983
210 410 0.5471048912980131
213 272 0.7008997782655649
213 304 0.5613244186346747
213 309 0.6409470151102202
213 317 0.6430448777588778
213 327 0.5989943106208313
213 384 0.5890537747192074
272 91 0.5397979308720491
272 304 0.5736991700075881
272 309 0.6977384439379307
272 317 0.5978052470696211
272 327 0.6230773562248648
272 347 0.526984372571719
272 384 0.5638667597747982
272 410 0.5286562750749065
309 304 0.5505684882871783
309 317 0.6025787028431518
309 327 0.543132547145378
309 347 0.6902345969432823
309 365 0.6271678885531027
309 384 0.619477820346112
309 410 0.5296847974292553
317 347 0.575525794382417
317 384 0.5919231684041565
327 169 0.5369301625822966
347 365 0.5390349819239816
347 384 0.5191891654018115
384 304 0.6553557888232281
384 410 0.6257413760700242
36 289 0.637903712770311
36 411 0.6302246163088936
289 69 0.5405912451964706
289 252 0.5929500646508418
289 259 0.6234980545339383
289 362 0.5995124598958635
289 391 0.5943567153869362
289 411 0.6794537187278511
289 469 0.5482739942348045
411 69 0.5596073356896047
411 252 0.6209525513142944
411 259 0.5924742377130988
411 391 0.5584010736372613
38 95 0.568395197988494
38 433 0.537034952087964
95 433 0.5677955903484811
39 46 0.5902692431048179
39 275 0.5959027706095836
39 464 0.5627144325119403
46 275 0.6707456797436254
40 277 0.5668586050818519
40 378 0.5190152867209695
277 185 0.7447499366651611
378 217 0.586476036224379
304 410 0.5804542795762445
42 159 0.6445058867144172
42 160 0.623046850458002
42 292 0.6136396028229283
42 426 0.7178721693501325
159 160 0.7217625784800551
159 292 0.6080255208766049
159 426 0.7826065531797045
160 292 0.5801071878846065
160 426 0.8080793948227234
292 426 0.6461820403340242
49 259 0.5558734052267991
69 362 0.5275152315885756
69 391 0.5947162564338383
252 259 0.7782621102413058
252 290 0.5696624094124677
252 469 0.5354477754734841
259 290 0.6350166837089626
259 381 0.5277690324341834
259 391 0.5366056834986326
290 458 0.5401348299997875
362 391 0.7361115261967832
381 336 0.5349422610210463
381 369 0.5455877583226147
381 448 0.5342312362057653
48 445 0.6457807230925535
50 335 0.6380574211471056
104 77 0.531564135264175
104 144 0.5269234175553247
104 228 0.6289714584951163
104 303 0.5190454971615183
144 285 0.5406513551571412
65 183 0.5886386921012103
183 195 0.6095890690780877
66 172 0.5528213839967563
66 370 0.5245589226731144
66 392 0.7456409779347087
172 193 0.5626289722389863
172 250 0.7948577591630475
172 270 0.664286963929746
172 368 0.6659780188953635
172 370 0.8566910514569349
172 390 0.7042335805300783
370 193 0.5741976516355687
370 250 0.7988929380865242
370 270 0.6145168837366445
370 368 0.6776304004716968
370 390 0.665662649070354
72 156 0.5661622866627222
72 365 0.5628291431568452
156 365 0.5857009362292449
73 405 0.6137351824937728
74 194 0.6106194728208888
74 247 0.5284493417856391
194 110 0.621737435100922
194 241 0.6303348982545006
194 247 0.76560946216363
194 280 0.525852059737235
194 295 0.586365681342608
247 110 0.5687195774225844
247 241 0.5792820803043606
77 228 0.5742446911008556
228 303 0.5896258357470148
79 322 0.6560151690080844
79 380 0.7552649589367594
322 380 0.6914453601178121
80 146 0.5294450243715223
80 152 0.5315068989221484
146 121 0.6241414619564863
146 139 0.5336787615165002
152 139 0.588805097499053
152 179 0.5399928695758597
82 453 0.5480505637759377
453 423 0.5497238415669986
453 424 0.5416956009225942
87 300 0.6091324805123332
363 239 0.6303732237838686
91 169 0.5902322886659798
163 470 0.6548593996738149
94 103 0.6235885227116843
94 249 0.5550311395729425
103 108 0.5296860009699031
103 249 0.6740866332107716
103 354 0.5244890988202985
249 108 0.5896024167555773
249 354 0.5349677145219466
106 339 0.6195935502802806
339 140 0.5436188888418231
110 241 0.5219643310498405
110 280 0.5312809726561724
120 319 0.5964775021371714
319 173 0.5531961404240744
319 246 0.53798464368224
319 431 0.752597056165144
121 331 0.6416503625863833
122 452 0.6288743808280814
123 261 0.7559965258571316
123 360 0.7558574214887342
261 360 0.6905424283768357
329 251 0.5956447600305973
329 463 0.6071139931824121
131 158 0.60959112546231
133 134 0.985257939440834
136 137 0.7188027992787351
136 408 0.5971873552978265
137 188 0.5300639095650659
137 408 0.5406974274141527
188 253 0.629511143234321
188 256 0.5403236519087248
188 271 0.6090167039719356
188 318 0.5942850249182308
188 379 0.5752553096061768
142 356 0.7662678365511902
168 359 0.8124272747200524
193 250 0.5259961561517125
193 270 0.736224949116541
193 390 0.6756116158140683
250 270 0.6466888523489186
250 368 0.5505111220107932
250 390 0.6873813894690879
270 390 0.747961171307239
368 209 0.554470055035899
368 442 0.5341631555528866
173 240 0.53203104355667
173 431 0.5560134716114603
173 434 0.6972778915920828
431 246 0.6164384722609809
431 434 0.5351019468379169
174 177 0.5379654249607384
180 239 0.6345915648761022
253 256 0.5210014493793889
253 271 0.7813716623748728
253 318 0.6464284727019195
271 318 0.680305532607826
379 416 0.6039426033263134
191 257 0.5221147751749231
191 266 0.5484637946574837
191 321 0.5538170071531445
191 367 0.6085980461978464
257 266 0.5735911713669297
266 321 0.6268801771951403
266 367 0.6241560481243201
321 367 0.7362756837494504
208 437 0.6154065034827982
209 442 0.7687168567154382
231 332 0.6360537557334853
231 460 0.6910248200923713
332 460 0.6590734431835144
232 328 0.7528320198982122
251 463 0.5563957339092238
255 468 0.5933710300676078
258 364 0.5450841606978241
273 345 0.6330779863868149
273 440 0.6599726864018743
345 440 0.650952116650759
274 465 0.605480124826671
276 450 0.8236553856108746
298 396 0.7113492025393461
311 312 0.9422025652587529
361 439 0.5277882543401405
373 454 0.8005036062489316
423 424 0.9850784146923898
429 430 0.9697727266518228
