2 325 0.44361356953552866
3 51 0.43411257672717773
3 196 0.3951286404597101
3 326 0.47107222149666966
51 196 0.40701319054459967
51 326 0.5233120020895912
196 326 0.4006138174219668
5 95 0.41026562013518497
95 38 0.4448870314744678
95 433 0.39706146442316637
6 30 0.4082932006094643
6 56 0.3957292584974043
6 62 0.4653660926258852
6 186 0.4710223005844517
6 236 0.48932279788378125
6 407 0.4243710512703719
30 47 0.388964166242347
30 55 0.45228493821804316
30 56 0.4118194433656276
30 58 0.44703116635661105
30 62 0.4198119367898655
30 75 0.406399477647821
30 88 0.4376785569108252
30 100 0.3985110938121713
30 101 0.44555457626518713
30 109 0.42181046450809034
30 175 0.45148230377432413
30 186 0.46046853324232506
30 199 0.40156721905604165
30 222 0.42481263033570954
30 236 0.458981601451675
30 244 0.3993469921354944
30 248 0.45186358273385
30 264 0.5228960901847718
30 269 0.4279091027817683
30 285 0.44042119016561887
30 299 0.4271908057986156
30 320 0.39301281533275667
30 338 0.41599167031266143
30 348 0.4410343476557399
30 353 0.4717156716349397
30 357 0.4887684471725219
30 366 0.47907925889985364
30 372 0.4454750510870205
30 399 0.40128002351899017
30 402 0.454877889512864
30 417 0.48717655708067303
30 428 0.44933144098380107
30 438 0.5092725610552435
30 474 0.4671945147957477
56 55 0.4624477556149989
56 58 0.48285770286302926
56 62 0.42494490251356876
56 88 0.43771835308714535
56 100 0.4893881018738898
56 101 0.45016570622948504
56 109 0.4881313873379699
56 144 0.43325224892718045
56 175 0.4382009632450716
56 186 0.4153851177065988
56 199 0.4440526332974174
56 222 0.47724827778372636
56 244 0.4850622000195906
56 248 0.48658003029921976
56 264 0.44157116269957886
56 269 0.43003836427247133
56 285 0.4100303653638947
56 299 0.4584442086971202
56 320 0.5337773859666308
56 338 0.47619673134573326
56 348 0.49644926951354695
56 353 0.3947626202065205
56 357 0.43944167828890685
56 366 0.4245273778038986
56 372 0.4661561000699144
56 399 0.5385318730124673
56 402 0.47698963356286794
56 417 0.4114670062363275
56 428 0.4726857152936906
56 438 0.4299077626889098
56 457 0.4494980002231504
56 474 0.48460508701472566
62 88 0.400457105595768
62 186 0.5030446494834079
62 236 0.49000049035962767
62 348 0.38690087501632486
62 353 0.4190162119534285
62 366 0.42873234843685537
62 399 0.3987330431434933
62 407 0.4800339572219538
62 417 0.42879764922863606
62 457 0.40858038396238733
62 474 0.3879846543656349
186 55 0.38610240519642336
186 88 0.4510399320860679
186 100 0.3880363092253341
186 101 0.3845362676626275
186 109 0.40748359290821834
186 144 0.4052372945538651
186 222 0.39401565548441525
186 236 0.5210605370765635
186 244 0.3965128807914586
186 248 0.3841180698188177
186 264 0.43046984686714346
186 285 0.386391092826591
186 299 0.40842380219302593
186 348 0.4092074116943955
186 353 0.4135048653676902
186 357 0.4284058444779513
186 366 0.44437914258660666
186 399 0.4091562193091326
186 402 0.3915108971217982
186 407 0.48732306995539737
186 438 0.3969308628396047
186 457 0.39751856996563195
186 474 0.3888072615665916
236 88 0.4083458501491104
236 264 0.39626461197901836
236 299 0.4092207733509171
236 353 0.40483265306122446
236 366 0.42460654368615314
236 399 0.39316853429376575
236 407 0.4394703760524311
7 353 0.410017795682471
7 417 0.3899564103502386
353 55 0.392319499252932
353 58 0.39542857142857146
353 97 0.398837608432255
353 101 0.4124993878200729
353 109 0.43015738284538463
353 144 0.3853324844189568
353 222 0.4261727811442701
353 248 0.40378775510204085
353 264 0.511526154520707
353 267 0.40910501576639846
353 269 0.4070004739343479
353 285 0.5112649385602727
353 299 0.39002171368999483
353 320 0.3854894536110984
353 338 0.3972300940815438
353 348 0.43592966927376486
353 357 0.5314025441862424
353 366 0.4165088489126861
353 372 0.39647261743109996
353 402 0.4081759265666493
353 417 0.5376477505641493
353 428 0.42646290513854784
353 438 0.5231090728361162
417 19 0.4315287666376653
417 27 0.4001697848303785
417 46 0.4043098523108354
417 47 0.4731119600352631
417 55 0.435083596654021
417 58 0.46600927341500903
417 75 0.41754007901524803
417 88 0.38926437457145663
417 97 0.47117786309437654
417 101 0.451210553012639
417 109 0.47069579129526246
417 175 0.45935841978205144
417 206 0.404113949935493
417 222 0.47894690272861024
417 244 0.417082966010383
417 248 0.43877750953972056
417 262 0.4034360211269288
417 264 0.5381526104417671
417 267 0.47956501924704775
417 269 0.5149946943792947
417 285 0.4912005746563491
417 320 0.4042838018741634
417 338 0.5028498991060816
417 348 0.4754224145601287
417 357 0.5306015836149064
417 366 0.4226989257844386
417 372 0.46726653987951144
417 402 0.4796016652341
417 428 0.5110204092529882
417 438 0.5465349768094221
417 457 0.41110113465603876
417 474 0.4482319521990401
8 124 0.4163659828727659
8 286 0.4127336544505589
8 340 0.46681908470007366
8 413 0.4790544290985079
8 455 0.4570728920697234
124 413 0.3878267413206683
124 455 0.400326532533012
286 340 0.4170735416823049
286 413 0.39627785492179673
286 455 0.40387880370902446
340 413 0.45414762780461904
340 455 0.42700153139896146
413 455 0.4340870133628811
9 350 0.4121594049316705
9 352 0.5383899570560339
350 148 0.38908117306707174
350 352 0.40724897959183676
350 388 0.39629079439560205
10 24 0.46569259658478923
10 128 0.46929946344632023
10 395 0.4701580253362936
10 432 0.4689173305472117
24 128 0.6134656830802403
24 395 0.5289037630286055
24 432 0.5759856339025637
128 395 0.5457691874699259
128 432 0.5288557301495894
395 432 0.4963432153584955
11 181 0.42901919811936784
14 235 0.3884680684341125
235 401 0.393208717708099
18 23 0.5909825854282541
18 25 0.6309018494481946
18 29 0.49582864012714295
18 84 0.49430974016359863
18 105 0.6431113872089758
18 113 0.5990988062144433
18 138 0.5510767177758177
18 141 0.6122222404447063
18 143 0.6031248476646993
18 149 0.5125710191821633
18 153 0.5872134799956699
18 162 0.6469013270503898
18 164 0.42800235185627444
18 176 0.41703545915078066
18 313 0.5553451327717055
18 316 0.5438395979779772
18 343 0.4902777103397466
18 346 0.6640762764764198
18 351 0.5292513680935088
18 358 0.46867703968760305
18 387 0.5188402022426153
18 394 0.49220168152658805
18 456 0.654999021836807
18 467 0.6467034585298342
23 25 0.5364706811694638
23 29 0.4604833562523463
23 84 0.46105105400494156
23 105 0.5840124175105399
23 113 0.5578942379264595
23 138 0.5020248334972389
23 141 0.59296516374103
23 143 0.5431090932252851
23 149 0.45482602889432777
23 153 0.5232115896399817
23 162 0.5423490961332736
23 164 0.44692282655409465
23 176 0.39231698951425864
23 313 0.45756928921077233
23 316 0.48426553964704294
23 343 0.4348138585208326
23 346 0.5825835807744607
23 351 0.46941242194382404
23 358 0.4627845544288607
23 387 0.46246796834728054
23 394 0.43240771197545236
23 456 0.5638379686120895
23 467 0.5696415510207107
25 29 0.4557015754423265
25 84 0.417737435176047
25 105 0.5940897987688107
25 113 0.6055896565234425
25 138 0.5103583381628578
25 141 0.5865182120563731
25 143 0.5799036814094118
25 149 0.49314352879717904
25 153 0.5292542771320361
25 162 0.579077967872535
25 164 0.40048321797048453
25 176 0.3940824076016266
25 313 0.5152148360976884
25 316 0.5199673494335793
25 343 0.44714717171904145
25 346 0.6011492751730443
25 351 0.4993061143810626
25 358 0.45787145174339033
25 387 0.4665665404205302
25 394 0.50066141590304
25 456 0.583387749771451
25 467 0.6433306153315989
29 84 0.439263324991736
29 105 0.4846773024688624
29 113 0.5223736838505253
29 138 0.4489502726352565
29 141 0.4844249986256358
29 143 0.4698468671433703
29 153 0.4574646968204082
29 162 0.4340217125711003
29 313 0.4049628602286434
29 316 0.4580319693950504
29 346 0.4843686230340986
29 358 0.38908117306707174
29 387 0.47026365200944537
29 394 0.3971649948917952
29 456 0.509966533412173
29 467 0.44803996949237096
84 105 0.4746011789735111
84 113 0.4402684154208271
84 138 0.42698537299969813
84 141 0.48310093823438294
84 143 0.42887931240272525
84 153 0.44888896438404735
84 162 0.3976228209285331
84 313 0.38991657261292717
84 316 0.43306173772570905
84 346 0.47226893808732645
84 351 0.4097188204173606
84 387 0.46384431069145216
84 456 0.4228313959270407
84 467 0.43926652847813236
105 113 0.6299428601653236
105 138 0.551225327964486
105 141 0.643982563183753
105 143 0.633577693175459
105 149 0.49005714520843746
105 153 0.549028574062811
105 162 0.6046040845335441
105 164 0.44453877764310157
105 176 0.42665142944690915
105 313 0.5097142881598953
105 316 0.5182548494546406
105 343 0.48559160311355204
105 346 0.612179594773973
105 351 0.5020981990447763
105 358 0.4603327515441087
105 387 0.49848163504477655
105 394 0.495876152004856
105 456 0.5805714313570108
105 467 0.6626608320815102
113 138 0.552803852820379
113 141 0.6090477208421493
113 143 0.6414170272669273
113 149 0.48008358364894865
113 153 0.5603369465848244
113 162 0.6161682120935091
113 164 0.44606242653780853
113 176 0.400940558392738
113 313 0.49627791563275436
113 316 0.47758367576083466
113 343 0.4850216309519066
113 346 0.6328849418832441
113 351 0.49146925168722605
113 358 0.48915155234741
113 387 0.4869400548517696
113 394 0.510067801693377
113 456 0.6357581298158548
113 467 0.6432000030860742
138 141 0.5414353819904484
138 143 0.5656446925915043
138 149 0.44205370996013893
138 153 0.46836992904780206
138 162 0.5026528447327232
138 164 0.41456207662042127
138 313 0.46752101875465163
138 316 0.46554229611928666
138 343 0.42256832206876294
138 346 0.5440535467217515
138 351 0.4658437848893924
138 358 0.45320969135372235
138 387 0.501020324938203
138 394 0.4644478805395829
138 456 0.5465349768094221
138 467 0.5240575373794228
141 143 0.5919806703345091
141 149 0.46714446695376777
141 153 0.508938338324483
141 162 0.6076763594377977
141 164 0.43945602717066895
141 176 0.4333910400332379
141 313 0.4839273184260706
141 316 0.5312586745315389
141 343 0.4280676551619092
141 346 0.591611840129679
141 351 0.5252261383372865
141 358 0.47268571428571426
141 387 0.4897392786635607
141 394 0.4590410441349891
141 456 0.5829265512354523
141 467 0.6045357330876132
143 149 0.4958615623875197
143 153 0.5593339319984593
143 162 0.6065464044559791
143 164 0.4325850951519226
143 176 0.4058785213832738
143 313 0.4982123908916286
143 316 0.4884651194254337
143 343 0.4333431286120091
143 346 0.595053465102558
143 351 0.5020245583127378
143 358 0.47828642355542694
143 387 0.49422904259299966
143 394 0.5506091680827206
143 456 0.6109868582970736
143 467 0.646247287823301
149 153 0.433786078098472
149 162 0.4841321666449001
149 313 0.39454094292803965
149 316 0.4202448999755191
149 343 0.5074851033245025
149 346 0.499151103565365
149 351 0.43308462461814357
149 358 0.38466687392062193
149 387 0.47636149928170296
149 394 0.38896058464278843
149 456 0.49379652605459057
149 467 0.5376653087021677
153 162 0.5108397544730312
153 164 0.4629750555047669
153 313 0.4508946062426538
153 316 0.45792653280937684
153 343 0.4191331320450774
153 346 0.5494971921117932
153 351 0.44901957876227794
153 358 0.4735441535074085
153 387 0.4461277262635497
153 394 0.43520864811194526
153 456 0.5334334595794697
153 467 0.5446530638377357
162 164 0.44214444299333944
162 313 0.5045056810761395
162 316 0.48862041050766647
162 343 0.4632111664971188
162 346 0.611336032388664
162 351 0.4855916046668487
162 358 0.48549458860247247
162 387 0.4798876844717252
162 394 0.4900139097653669
162 456 0.5935745069870707
162 467 0.6318367377254308
164 176 0.3987851395726745
164 346 0.4169387488572548
164 358 0.5211499851156138
164 456 0.3885986678855949
164 467 0.4340244918783683
176 346 0.41230549398943694
176 358 0.3972043578661824
176 387 0.3856566794868326
176 467 0.45722218179800056
313 316 0.4165224509780669
313 343 0.4104481267382308
313 346 0.5234426015410735
313 351 0.4264232913283825
313 387 0.3972182316834269
313 394 0.38575980058913206
313 456 0.507770667363197
313 467 0.5149387779808808
316 346 0.529763267847927
316 351 0.4499779567244209
316 358 0.40880369699799224
316 387 0.45126530828762035
316 394 0.4275425171985745
316 456 0.4899918390856751
316 467 0.506433283260401
343 346 0.4821483961135513
343 351 0.4053683405030784
343 387 0.4247490001382264
343 456 0.457856501571093
343 467 0.48944472725902977
346 351 0.5217717874367275
346 358 0.4965960856853186
346 387 0.4925558312655087
346 394 0.45833267984652365
346 456 0.6191719994776022
346 467 0.6510367378175523
351 358 0.4053162664164635
351 387 0.44425215395686074
351 394 0.4064153761432393
351 456 0.4835017746151589
351 467 0.5133974495728734
358 387 0.42561180727911946
358 456 0.4882373114111756
358 467 0.49226900968485765
387 456 0.47335771189761
387 467 0.5082775534591243
394 456 0.5182983892599219
394 467 0.5061980586008334
456 467 0.6119183702829237
19 93 0.46139780964029437
19 97 0.47276051841920763
19 206 0.42521998973501907
19 267 0.41674695507264403
19 355 0.46858113128213613
19 421 0.4315543733646431
93 97 0.4614731618127204
93 206 0.38977406294893563
93 267 0.3930507553732682
93 421 0.5232467023638501
93 470 0.40408789651604543
97 206 0.4004179182447434
97 267 0.46737640502677097
97 421 0.4479561185843019
97 438 0.3838317879064908
267 47 0.4140554905708762
267 58 0.43033262495041374
267 101 0.40103197686907366
267 109 0.4005355778730024
267 175 0.4086604480509371
267 222 0.433651899430686
267 248 0.397544133226181
267 262 0.3999477363829258
267 264 0.40223373115872574
267 269 0.4491542114825467
267 285 0.3977270935927677
267 338 0.4292061500291319
267 348 0.4198288892554617
267 357 0.4067663849226844
267 372 0.3887237466808539
267 402 0.4420351466211831
267 421 0.38834825381346844
267 428 0.4209409064224858
267 438 0.4484357737442439
267 474 0.3967473897740812
20 21 0.8992425231814025
20 171 0.5101867572156197
21 171 0.503460885464281
21 448 0.38936868444982736
448 278 0.6057172717172954
22 344 0.3944756432022985
26 55 0.3962513699571117
26 58 0.3905441370821287
26 75 0.4639294752067076
26 100 0.3853852060848061
26 132 0.48491576335379394
26 144 0.3880889413372427
26 175 0.38507248269557265
26 244 0.39575544858755035
26 269 0.3911453571894998
26 402 0.4046624004179183
26 404 0.4353277284067163
26 428 0.39604251491116366
55 58 0.5636939567258292
55 75 0.5024817160996754
55 88 0.5243599816174024
55 100 0.6121542644411074
55 101 0.5920616539721918
55 109 0.5769984353705007
55 132 0.46221163096356954
55 144 0.44779336279966164
55 175 0.5603030290147573
55 199 0.5374216326727618
55 222 0.5896112762284846
55 244 0.6950104526556726
55 248 0.5871403859303911
55 262 0.44123604733506483
55 264 0.5783699087313134
55 269 0.525102454081608
55 285 0.5062042866504528
55 299 0.629659263855211
55 320 0.5036572646946578
55 338 0.5405308497465462
55 348 0.6039282313437809
55 357 0.5704909505167448
55 366 0.5319357392295108
55 372 0.5844425303762021
55 399 0.43871852650142057
55 402 0.6095446496076972
55 428 0.5900986222204692
55 438 0.5279106632135661
55 457 0.5417557873060107
55 474 0.5586468156377208
58 47 0.41030496985236853
58 75 0.4819434470015088
58 88 0.4944165091122525
58 100 0.5138285714285714
58 101 0.5841863807083769
58 109 0.6277672569140249
58 132 0.43455830786941324
58 144 0.45782109685943506
58 175 0.6456826612155419
58 199 0.508391562995494
58 222 0.6384424984427116
58 244 0.5868869591060379
58 248 0.623869387755102
58 262 0.3868565623121397
58 264 0.5100894667383178
58 269 0.6172758892682588
58 285 0.47861294350596995
58 299 0.5240233137723506
58 320 0.4656827534644661
58 338 0.5991605637478626
58 348 0.6351035875248295
58 357 0.5147502985619731
58 366 0.5226931368292786
58 372 0.6312403226864542
58 399 0.4297423514373719
58 402 0.6725874659104398
58 404 0.3888199571066373
58 428 0.6051462908137495
58 438 0.5125953020694206
58 457 0.5395654096883352
58 474 0.6077842359407917
75 88 0.43066575244065697
75 100 0.42852478309266945
75 101 0.44631283371660485
75 109 0.45195415809579786
75 132 0.5906130112614634
75 144 0.4467046512602876
75 175 0.4737898947656086
75 199 0.4178012864465995
75 222 0.4688858165166056
75 244 0.4919841969504033
75 248 0.4680990010984844
75 262 0.3862560221702607
75 264 0.471805922878506
75 269 0.4848257285765642
75 285 0.4400692199693082
75 299 0.46686801083684365
75 320 0.3997779736833514
75 338 0.43589034774736335
75 348 0.4700677496341029
75 357 0.44329442500397415
75 366 0.47422209161850665
75 372 0.461975620786726
75 402 0.5073545017409409
75 404 0.5455317203774448
75 428 0.4986775520838106
75 438 0.4505428128916431
75 457 0.4380050608697292
75 474 0.4507787246547165
100 88 0.48161692705096576
100 101 0.45867006259071996
100 109 0.48213935897183463
100 132 0.4045189628217117
100 144 0.4149809799576749
100 175 0.4923513956242304
100 199 0.5644223865086776
100 222 0.530118955419992
100 244 0.6188859142592545
100 248 0.505665306122449
100 264 0.45020570780872654
100 269 0.46564249970138266
100 285 0.46516032154359716
100 299 0.5687558167238191
100 320 0.50623653132191
100 338 0.458181607571895
100 348 0.5146849956379563
100 357 0.458459178059541
100 366 0.48468621458607025
100 372 0.4890993859486549
100 399 0.47127975805046735
100 402 0.5275496716692546
100 428 0.5006530828165555
100 438 0.4430476879915897
100 457 0.4697565839144375
100 474 0.4761313918818429
132 88 0.38968247495193575
132 101 0.3863257911746808
132 109 0.41234184969987403
132 175 0.4060989943842236
132 222 0.418932870746288
132 244 0.43807036166151
132 248 0.4121594049316705
132 264 0.3915108971217982
132 269 0.40511949849810625
132 299 0.4017892124853075
132 338 0.4037758345167337
132 348 0.4013974141308606
132 366 0.3869398416971421
132 372 0.4139260115452271
132 402 0.44410343476557396
132 404 0.523483797310799
132 428 0.4053811379851675
132 438 0.39179835444691136
132 474 0.4065953800231634
144 88 0.5889997225410663
144 101 0.4379938614249331
144 104 0.39518025162645426
144 109 0.5091995494776832
144 175 0.4937473473752132
144 199 0.41699182086434705
144 222 0.4965619102696095
144 244 0.47289112376308345
144 248 0.48505330531680396
144 264 0.4561082723086731
144 269 0.44777483943285773
144 285 0.4237833249548478
144 299 0.46632056706869435
144 320 0.4411539027247822
144 338 0.4197942456174662
144 348 0.45201946019458084
144 357 0.4554151568039594
144 366 0.5432876757780809
144 372 0.4661963709987268
144 399 0.3965255454296136
144 402 0.48101348509004377
144 404 0.3998824547902011
144 428 0.4505869488988374
144 438 0.45332549735203415
144 457 0.4072223856939333
144 474 0.4830130769748873
175 88 0.478948657316292
175 101 0.6036503741749069
175 109 0.602954860908035
175 199 0.47424700030807426
175 222 0.629166941399162
175 244 0.5486899029381885
175 248 0.6083946916019819
175 262 0.4060749810113182
175 264 0.5439882459299707
175 269 0.5833224500457098
175 285 0.5093788262861457
175 299 0.525401593313308
175 320 0.46641090529437806
175 338 0.5653253635184944
175 348 0.6104218362282878
175 357 0.5280788820686954
175 366 0.5354991429984666
175 372 0.6396028885988424
175 399 0.39879835033260863
175 402 0.66383701188455
175 404 0.41488858057932526
175 428 0.5655744414853875
175 438 0.532258064516129
175 457 0.4872665534804753
175 474 0.6157538160970721
244 88 0.493029026675809
244 101 0.5438100991696578
244 109 0.5619224866947466
244 199 0.5561106213471774
244 222 0.5853722886984515
244 248 0.5695814017272575
244 262 0.43505244506239404
244 264 0.520129297678519
244 269 0.5327565097436728
244 285 0.48068697554445433
244 299 0.6139253939272097
244 320 0.49342083782283613
244 338 0.5306789419146806
244 348 0.5951840666861196
244 357 0.5116643539984738
244 366 0.5081137558363535
244 372 0.568185922575233
244 399 0.4661050179104995
244 402 0.5896334993847514
244 404 0.39024390243902446
244 428 0.5969632665791138
244 438 0.4871765570806731
244 457 0.5301444780724407
244 474 0.5352140268390636
269 47 0.39131499474645576
269 88 0.47170026942862303
269 101 0.5648610705985444
269 109 0.5835605257491367
269 199 0.4425108155026045
269 222 0.631453514572826
269 248 0.5919383547497628
269 262 0.4083612553353585
269 264 0.5318422986587416
269 285 0.4805811771108121
269 299 0.4648687475512603
269 320 0.459162517406709
269 338 0.5763653434624076
269 348 0.6325584432545384
269 357 0.4919681337338383
269 366 0.4744429026834167
269 372 0.614781698069067
269 402 0.6345174350267729
269 428 0.6526260817486543
269 438 0.506464672848374
269 457 0.4849810630795351
269 474 0.5794465758669463
402 47 0.40078360955467207
402 88 0.5329524121190152
402 101 0.6376073402686923
402 109 0.6622479798450032
402 199 0.5113378500395698
402 222 0.6735264609682426
402 248 0.6659918705847487
402 262 0.451800467492123
402 264 0.5821239083299591
402 285 0.5313198923244952
402 299 0.5656262243698577
402 320 0.5186515387190196
402 338 0.6273844223748117
402 348 0.6694527882982891
402 357 0.5451874102128771
402 366 0.5464043752258605
402 372 0.6624645114552143
402 399 0.44751751341262597
402 404 0.4084238021930259
402 428 0.615402199565562
402 438 0.5660833224500457
402 457 0.531800966435941
402 474 0.6440943597299402
404 109 0.38626048911091526
404 222 0.3925783574541289
404 248 0.396982955870213
404 366 0.4001697848303785
428 47 0.40457142943415486
428 88 0.4769959193845145
428 101 0.5768910519744735
428 109 0.5571918379228747
428 199 0.4874448989986331
428 222 0.5974323414856774
428 248 0.5602142113749561
428 262 0.4129348499629504
428 264 0.5827918379774654
428 285 0.5176163276344006
428 299 0.5171833946473675
428 320 0.4645224499701604
428 338 0.5515540795075168
428 348 0.6333610900924924
428 357 0.5539501414352289
428 366 0.5157877562019298
428 372 0.5684190025705738
428 399 0.41780419328659013
428 438 0.5467665852244566
428 457 0.5365789964164526
428 474 0.5423020419727558
28 118 0.42392581951155806
28 382 0.4792346872143137
118 382 0.43600626877367116
47 101 0.38675656707682965
47 248 0.4080846341886759
47 264 0.3984066346687564
47 285 0.40813661148659686
47 338 0.4019859505228026
47 348 0.3956901477957695
47 438 0.43349930623685384
88 101 0.4984898699503552
88 104 0.4085291202039977
88 109 0.5559147157736639
88 199 0.48930682077905124
88 222 0.5161859880587573
88 248 0.5055181874307154
88 262 0.38684393087980445
88 264 0.5056975870963529
88 285 0.469520357854181
88 299 0.5374581667518905
88 320 0.5102687171450028
88 338 0.5031112046723595
88 348 0.5080728104505298
88 357 0.5088564199518993
88 366 0.558134978940151
88 372 0.4890180961498514
88 399 0.42371996023585834
88 438 0.4862623459957418
88 457 0.47124316388615745
88 474 0.535083423123388
101 109 0.6655347494070931
101 199 0.4608100828328659
101 222 0.616316923956103
101 248 0.6403487290856844
101 262 0.42006763082418463
101 264 0.5624867354185348
101 285 0.5151421155568713
101 299 0.5406993831856588
101 320 0.4911759424682776
101 338 0.5810224121571341
101 348 0.5823619685084184
101 357 0.5253534465855827
101 366 0.5072404617592696
101 372 0.6355085460903198
101 399 0.4292455154963577
101 438 0.5366506679975535
101 457 0.49165768792328796
101 474 0.6099619611280923
109 199 0.4802298625395893
109 222 0.6514226663629754
109 248 0.6508195654223627
109 262 0.41460628660826054
109 264 0.5595063179547459
109 285 0.49681653443040463
109 299 0.5663864175107859
109 320 0.5421360237698764
109 338 0.602146014291693
109 348 0.6259407396148773
109 357 0.5253122194806614
109 366 0.5642733535769093
109 372 0.6645329060549674
109 399 0.45376175766318494
109 438 0.5493429108559966
109 457 0.4873724594560155
109 474 0.6723479282985603
199 222 0.507562199877039
199 248 0.5078038270845167
199 262 0.3849495583712745
199 264 0.4550233454141771
199 285 0.43020863943579196
199 299 0.5859113542532457
199 320 0.4550233454141771
199 338 0.43680491722933606
199 348 0.5154517999217603
199 357 0.45700759127794255
199 366 0.49583700656283675
199 372 0.4756274984458883
199 399 0.4567659374059176
199 438 0.4560280794012305
199 457 0.47045955438478776
199 474 0.45920266431579987
222 248 0.678361488060855
222 262 0.4445642622035277
222 264 0.5616568711987263
222 285 0.5225884974663966
222 299 0.5456743552293756
222 320 0.5047529355451157
222 338 0.6441187544982069
222 348 0.6309308692759885
222 357 0.5148382827159645
222 366 0.5515304532580723
222 372 0.6356254901773085
222 399 0.4262659536917812
222 438 0.5284923910958435
222 457 0.5132050161633473
222 474 0.6367230274168647
248 262 0.41795141602044406
248 264 0.5625285707955281
248 285 0.48605759837835094
248 299 0.5867141208284234
248 320 0.4977470126077913
248 338 0.5891652994777408
248 348 0.6244592109101006
248 357 0.5043018307192942
248 366 0.510220074718535
248 372 0.6533191998084104
248 399 0.4338569058660276
248 438 0.5222601348238985
248 457 0.5101790938808012
248 474 0.6205838180020783
264 239 0.3840640093717571
264 262 0.4241434723408596
264 285 0.6185391974401673
264 299 0.5294914701546327
264 320 0.4490155744930944
264 338 0.5344678726257104
264 348 0.5917884255135178
264 357 0.6869316791381462
264 363 0.3868871729247239
264 366 0.5107911320077058
264 372 0.5461730863496937
264 399 0.38714733728085204
264 438 0.6740021223655475
264 457 0.4639947759984884
264 474 0.5316224246579816
285 262 0.41414902427861544
285 299 0.4848257285765642
285 320 0.4354980899206583
285 338 0.5067694826002505
285 348 0.5309280875738104
285 357 0.6090931353354303
285 366 0.46383909622228764
285 372 0.5024740138426143
285 438 0.5968818872724204
285 457 0.4496939025984927
285 474 0.48702125575472627
299 262 0.4291336906223526
299 320 0.47117786309437654
299 338 0.5097988371733685
299 348 0.5708502024291499
299 357 0.5150189369204649
299 366 0.5522814464861326
299 372 0.5281688069046405
299 399 0.46475861133906643
299 438 0.5295154760350006
299 457 0.491837534282356
299 474 0.5119908579573779
320 262 0.388868949768233
320 338 0.49220169728025615
320 348 0.5001061138532719
320 357 0.4351971268231547
320 366 0.4574395141541778
320 372 0.4962686149066314
320 399 0.5054205875871313
320 438 0.48058117711081205
320 457 0.45530977069164175
320 474 0.508374963267705
338 262 0.4598519879401835
338 348 0.578325103215765
338 357 0.5177032015119098
338 366 0.518789538649035
338 372 0.5655569014653874
338 438 0.49176904744248046
338 457 0.5124118501778449
338 474 0.6161911884791315
348 262 0.4374296003124415
348 357 0.570915502154891
348 366 0.5437270427628476
348 372 0.615369568371088
348 399 0.44464399709155256
348 438 0.5417918244743373
348 457 0.5371555439467154
348 474 0.6023671537820078
357 262 0.43533929235903324
357 366 0.4988653988094366
357 372 0.5210490443579417
357 399 0.395467683687728
357 438 0.608332245004571
357 457 0.46082016455530883
357 474 0.5022610399820383
366 262 0.3995166297299703
366 372 0.5252053699449516
366 399 0.4300548609977076
366 438 0.498734797225875
366 457 0.4750306098094439
366 474 0.541809514480687
372 262 0.4503650952040428
372 399 0.4258953866637958
372 438 0.5431268401449524
372 457 0.5152356602601786
372 474 0.6481375888662125
399 438 0.3982758928196861
399 474 0.4523249760470954
438 262 0.42403856498592013
438 363 0.3914193360887486
438 457 0.4422750424448217
438 474 0.5249857155217573
474 262 0.4449162467447396
474 457 0.4980164885162862
31 76 0.5022201906751992
31 282 0.48844194854381606
76 282 0.543881415698054
32 40 0.3929207020553676
32 121 0.38893696353207713
32 146 0.3898122467682787
32 152 0.405002532003052
32 184 0.40186793808373067
32 225 0.41319183871718873
32 227 0.4021943228800767
32 333 0.3911836753462874
32 337 0.426437213762823
32 376 0.41554285913663214
40 225 0.4510652192258896
40 227 0.4176706827309237
40 277 0.41508818850832074
40 378 0.4052633297417312
40 471 0.404766957853301
121 80 0.4058117705217938
121 139 0.3976491715491936
121 146 0.4140396702861749
121 152 0.42570281124497994
121 331 0.48313469490780914
121 333 0.4312137785245258
146 80 0.40283400809716596
146 139 0.4138696617474206
146 152 0.405746469730013
146 179 0.3905051100785313
146 227 0.41782711620946134
146 333 0.4695703278046232
146 337 0.41020031721116823
146 376 0.4319576857777197
152 80 0.40470165706152017
152 139 0.4758795201025943
152 179 0.44964328283790805
152 333 0.40881560694371066
152 337 0.3964605239493441
152 376 0.425532609639596
184 225 0.4205061244665684
184 227 0.39507583928927886
184 376 0.39457959372992796
225 173 0.395520438814157
225 191 0.3855295807757607
225 227 0.44590645667520623
225 333 0.39943842235862603
225 376 0.4111923729920334
225 378 0.39575544858755035
225 397 0.45140646226573283
227 333 0.38948657257659336
227 337 0.40011754739542604
227 376 0.4471471717190415
333 80 0.4192242392581951
333 139 0.4126289669583388
333 239 0.38872743227883033
333 337 0.45996114531192606
333 376 0.4919681337338383
337 139 0.4086330470347665
337 376 0.40380063065752747
376 80 0.44743372077837273
376 139 0.47766749379652607
376 397 0.3977274587239704
376 471 0.3882721692568891
34 409 0.4258195115580515
35 41 0.48793391239165684
35 90 0.4660711466193918
35 96 0.5151495363719473
35 111 0.5156066344521353
35 112 0.47354671766455925
35 130 0.5873671500685907
35 155 0.5263810891994253
35 202 0.4439728353140917
35 210 0.4662400417918245
35 213 0.47727569544207915
35 272 0.5224489820985474
35 304 0.38885986678855944
35 309 0.5215489094945801
35 317 0.5446530638377357
35 327 0.4286017468532937
35 347 0.4997306260381223
35 365 0.3990335172043053
35 384 0.41333485756397187
41 90 0.5008412296491112
41 91 0.3966691201291331
41 96 0.47101852177334086
41 111 0.4797048034422058
41 112 0.4350155173588609
41 130 0.49543621635447543
41 155 0.5241158676138464
41 202 0.4090389630985071
41 210 0.40890834232153167
41 213 0.4878686020031691
41 272 0.49562377636749033
41 304 0.39898116327140026
41 309 0.4628547232123775
41 317 0.5133899423100255
41 327 0.4123438692574762
41 347 0.47603808093066957
41 384 0.4056300338368558
90 96 0.5014780513033515
90 111 0.48743287693609816
90 112 0.42822838002641495
90 130 0.5135559226138217
90 155 0.4890660367462439
90 156 0.4070553962864012
90 202 0.41805624820110704
90 210 0.3987849624413873
90 213 0.4367395964291743
90 272 0.46611680480487727
90 309 0.5277392610504951
90 317 0.41417723513357907
90 327 0.393205975003667
90 347 0.43653233366054645
90 365 0.4949369888973811
96 111 0.5664751208044926
96 112 0.4986936812922635
96 130 0.5621602213981282
96 155 0.5472117017108528
96 202 0.41282486613556224
96 210 0.42372992033433454
96 213 0.46010186757215615
96 272 0.509453063668846
96 309 0.5412041269426668
96 317 0.4840489819143042
96 327 0.42305117955192556
96 347 0.5359737488674143
96 384 0.38982580491794455
111 112 0.472828232989482
111 130 0.5718903570766228
111 155 0.604479561185843
111 156 0.38850706069988133
111 202 0.4565103826563929
111 210 0.4251012145748988
111 213 0.47427190805798614
111 272 0.4989387779041128
111 309 0.5545905707196029
111 317 0.49090612480434764
111 327 0.4006530079711105
111 347 0.5496873629109303
111 384 0.4134654634120054
112 91 0.4697333539563111
112 130 0.5446053979047417
112 155 0.5350751325666303
112 169 0.40881778011896225
112 202 0.4389941364722073
112 210 0.4518615438349546
112 213 0.48667539218188016
112 272 0.5707286877555395
112 304 0.4135205889012861
112 309 0.4855650067749425
112 317 0.4704575951946201
112 327 0.4474599654144072
112 347 0.44662541627270425
112 384 0.40070546488115605
130 91 0.4129171294567128
130 155 0.56953945181202
130 202 0.49104533714389553
130 210 0.5077628856921816
130 213 0.5400225301564524
130 272 0.5961761399546565
130 304 0.4365826985139322
130 309 0.5784206494782971
130 317 0.5430796616961107
130 327 0.4280676551619092
130 329 0.4031346938775511
130 347 0.5298938775510204
130 365 0.42788571428571426
130 384 0.4298448979591836
130 410 0.41212101427556874
155 91 0.39366582325056465
155 202 0.46467284837403683
155 210 0.47179051847982234
155 213 0.4944495233120021
155 272 0.5405387781037096
155 304 0.4126942666840799
155 309 0.5370249444952331
155 317 0.5031183697609012
155 327 0.42618561755740403
155 347 0.5494914541388801
155 384 0.40967789381903436
155 410 0.39234637319995375
202 91 0.3852420211108412
202 210 0.4569021810108398
202 213 0.4360715684994123
202 272 0.4410775531366987
202 304 0.46271385660180225
202 309 0.46506464672848374
202 317 0.4420571449781334
202 327 0.41351726395192845
202 347 0.46675264940966726
202 384 0.5210193792675804
202 410 0.4087376747434272
210 91 0.3838707044834444
210 213 0.447107222149667
210 272 0.4879673492800433
210 304 0.4968656131644247
210 309 0.4433198380566802
210 317 0.4186775530292235
210 327 0.40117541430535686
210 384 0.4373663336021332
210 410 0.410043754547688
213 272 0.5230367372034083
213 304 0.39049235993208825
213 309 0.4685908319185059
213 317 0.49057959419053604
213 327 0.43343400544507305
213 347 0.4193427265735122
213 384 0.40347411603744376
272 91 0.4080719698816529
272 304 0.4090775529831626
272 309 0.5252571453773272
272 317 0.4999020312193848
272 327 0.4501951067262822
272 347 0.4590918744384354
272 384 0.38901497262857104
304 309 0.4035523050803186
304 317 0.3894204100317048
304 384 0.4431782938396232
304 410 0.39548096473017974
309 91 0.4006530079711105
309 317 0.48705306356137085
309 327 0.41456207662042127
309 347 0.5425693441931054
309 365 0.43828057453836755
309 384 0.44605162249635993
309 410 0.3867302300416322
317 327 0.39213701578849075
317 347 0.461312391364377
317 365 0.38783940484424906
317 384 0.42460855276498866
347 91 0.3881016132154427
347 384 0.4114285714285714
365 72 0.4190846328176773
365 156 0.45484229110643754
384 410 0.45555029475940567
36 43 0.40822789981768354
36 289 0.4775524863682372
36 391 0.40787540405524547
36 411 0.4715447154471545
36 469 0.39386172562590704
43 73 0.413061226471664
43 252 0.5540028731879326
43 259 0.6868878150711767
43 289 0.48515223253546824
43 290 0.4329768999026074
43 362 0.38696617474206607
43 391 0.4280793405190473
43 411 0.4271651294341161
43 469 0.3970223325062035
289 69 0.39131499474645576
289 252 0.4365031426587707
289 259 0.4683699290478021
289 362 0.4429679210450701
289 391 0.46181473862931405
289 411 0.46912854670715387
289 469 0.43669904503411316
391 69 0.43069137219027936
391 259 0.42964655952178654
391 362 0.5388947841710683
391 411 0.40892023378065107
411 252 0.412668353658778
411 259 0.4143661742450788
469 73 0.3875918385943599
37 73 0.4208326550803799
37 405 0.40094031605067254
73 259 0.40724898154581773
73 405 0.5468081658888921
405 369 0.3964346349745331
38 433 0.4075095911080947
39 46 0.45010040378539795
39 275 0.4756089599609741
39 464 0.40527656261400596
46 275 0.5014121296888879
277 185 0.5416721238866253
378 217 0.4094686148615187
91 169 0.4724838789299926
91 329 0.3858159735616415
42 52 0.4705805527226114
42 159 0.4204270883192024
42 160 0.4230649932424666
42 292 0.4268268793498457
42 426 0.4812251031103142
52 159 0.5397198550298756
52 160 0.533017712910796
52 292 0.44104874783687603
52 426 0.59836092336827
159 160 0.5152558975464179
159 292 0.43197178959741417
159 426 0.5656446925915043
160 292 0.41782711620946134
160 426 0.5790547711162615
292 426 0.46730009468769396
252 259 0.5817552566279222
259 290 0.42794873893548574
48 415 0.38825661961890173
48 445 0.5057887953292292
50 335 0.4747445064812094
335 177 0.4100303653638947
262 457 0.3973871385799653
59 401 0.4139090687026133
65 183 0.4128943936951015
183 195 0.455955857090892
66 172 0.4217451637163095
66 370 0.40561586814645145
66 390 0.38448478516390233
66 392 0.5635633422604212
66 449 0.510962728969002
172 193 0.5182210056213834
172 250 0.6471596858303538
172 270 0.5537180639053103
172 368 0.5053710778071637
172 370 0.6631403663434225
172 390 0.5470573831436685
172 449 0.39482792419662904
370 193 0.5144331268153292
370 250 0.6219486408961541
370 270 0.5003020162286143
370 368 0.5164723936395991
370 390 0.523483797310799
390 193 0.6080425842580451
390 250 0.5349748649488935
390 270 0.6117931304688521
390 368 0.39817157788344
392 449 0.5158140555875644
70 166 0.3851629336605554
166 173 0.4296465595217865
166 434 0.42403069142863753
72 156 0.45153074207833394
74 110 0.3905043373149649
74 194 0.476482785088162
74 241 0.3870967741935484
74 247 0.4292547547711017
110 194 0.42177448413108626
110 247 0.4120950907965885
110 280 0.41767212798693165
194 212 0.3977274587239704
194 241 0.45454100261853647
194 247 0.6216939858339247
194 254 0.40292561897009616
194 280 0.4476841955967785
194 295 0.39200640015673893
241 247 0.4203738470889127
247 212 0.38413190765056754
247 280 0.4227246755930215
79 322 0.4968656131644247
79 380 0.5932250429326954
322 380 0.5639049874231155
80 139 0.40087501632493144
139 179 0.3970352958657977
87 300 0.46725004897799266
104 228 0.46896326755620865
104 303 0.4031217860404357
329 251 0.39443564630072275
329 463 0.4366877818562452
470 163 0.39945146460708625
94 103 0.4664511707844396
94 249 0.4302739415229837
103 108 0.44299333942797436
103 249 0.523181402638109
103 354 0.40293853568343857
249 108 0.4769491968133734
249 354 0.3979756755080976
108 354 0.39235980741494864
228 303 0.4453985932561925
106 339 0.4801462915150705
339 140 0.44844645505818576
280 254 0.41090523228069636
120 319 0.46968163490659415
120 431 0.3958857161851743
319 431 0.5333681598537287
431 246 0.4399242523181402
431 434 0.38742327282225414
123 261 0.5862530640373325
123 360 0.5797688251113831
261 360 0.525160827109513
131 158 0.40557659657829437
133 134 0.881549086633193
136 137 0.5535457751077445
136 188 0.39454094292803965
136 408 0.47287568368067745
137 188 0.3904270602063471
137 253 0.3985633826341248
137 408 0.4336299078204155
188 182 0.42784380305602715
188 253 0.45961962294917463
188 256 0.44077314875277523
188 271 0.45576687623410733
188 318 0.4591122072997084
188 379 0.4435157372339036
188 408 0.42742633260123924
188 419 0.39199425362413476
408 253 0.4066346687563262
408 318 0.3973094758207561
253 182 0.4058117705217938
253 256 0.40097951193001447
253 271 0.5621183922682601
253 318 0.5369947106630633
179 180 0.40105827220979423
142 356 0.5817956282706934
145 268 0.4057336905447662
173 434 0.5575290583779549
434 240 0.3889904662400418
168 359 0.587240433590179
193 250 0.4888221189767754
193 270 0.5977240483778269
193 368 0.40595611480056953
250 270 0.5334073644289601
250 368 0.42927355655447347
368 209 0.39242326303036834
174 177 0.4190420217455187
180 239 0.5752878818860854
180 363 0.4185651729268273
180 435 0.39875890317438945
239 363 0.47331983945055345
182 256 0.39140655609246444
182 271 0.3972573667985088
182 318 0.4071963827063981
182 379 0.38448478516390233
182 416 0.38896326717236857
256 271 0.391576197913579
271 318 0.5217788809677582
318 379 0.38492808561668895
379 416 0.49090612480434764
191 257 0.3972573667985088
191 266 0.47818989160245523
191 321 0.482826172130077
191 367 0.4473684210526316
257 266 0.43062607139849857
266 321 0.5380044403813504
266 367 0.5226590048321796
321 223 0.4084497845109051
321 367 0.5634713334203996
254 295 0.40786272926099065
208 437 0.48021418310043096
209 442 0.55815550081374
211 334 0.41435852326003075
231 332 0.48384621669985217
231 460 0.535336395438898
332 460 0.49068436017356754
232 328 0.5877704365855162
251 463 0.419631342318086
258 364 0.43705106438552954
273 345 0.44100889729164605
273 440 0.48649884115134756
345 440 0.4810539892564737
274 465 0.4826708024477977
276 450 0.6687344913151364
278 291 0.38892336344429346
278 336 0.4056418963040355
287 466 0.39766215579995373
298 396 0.47641748216414526
302 341 0.4275965653502045
311 312 0.7486706847172524
361 439 0.41951283245768195
369 381 0.39941229292727526
373 454 0.580841060467546
423 424 0.8781085242604634
423 453 0.41026562013518497
424 453 0.405055029400757
429 430 0.7832617701489324
