2 325 0.6100858831289544
325 289 0.54085688598529
3 51 0.5912048350119821
3 196 0.5513098495588727
3 326 0.6437278433310097
51 196 0.5639040424463951
51 326 0.6974207395075929
196 326 0.5616987999011849
5 95 0.5781366905288002
95 38 0.6222450203058544
95 433 0.5638718968610407
6 30 0.5628837466000481
6 56 0.5573577675037754
6 62 0.6352342834642106
6 186 0.6426144604332678
6 236 0.6625973620852871
6 407 0.5929714244691312
30 55 0.6142258907299776
30 56 0.5676616419304679
30 58 0.6048144030854836
30 62 0.5842980122134089
30 75 0.5587336728526475
30 88 0.5960276910228905
30 100 0.5503559624598791
30 101 0.6101278340977678
30 109 0.5808002640312433
30 175 0.6181240568910091
30 186 0.6216763268975841
30 199 0.5569402902730837
30 222 0.5811934039905804
30 236 0.6318186145277437
30 244 0.5497525985657372
30 248 0.6164078671285189
30 264 0.6864202309604681
30 269 0.583590729641827
30 285 0.5970500646408521
30 299 0.5849879864239509
30 320 0.5414245216646739
30 338 0.5651457882847136
30 348 0.603891076910489
30 353 0.6377860700629244
30 357 0.6520051736264635
30 366 0.6367121817645882
30 372 0.6073399800728623
30 399 0.5486715115771608
30 402 0.6165285407006109
30 417 0.6616063302982851
30 428 0.6135726820246109
30 438 0.6764477263894285
30 474 0.6257445792857942
56 55 0.6285554014420616
56 58 0.6612736645358188
56 62 0.584854748402282
56 88 0.6123570732022015
56 100 0.6645071842554708
56 101 0.6183659520735253
56 109 0.6635752872697347
56 144 0.5989026885997939
56 175 0.6080420561786356
56 186 0.5724640389155048
56 199 0.6179830794969402
56 222 0.6585671346540478
56 244 0.6578847679675609
56 248 0.6525526022262462
56 264 0.6040817065106605
56 269 0.5935958658184897
56 285 0.576802538665517
56 299 0.6270757498603159
56 320 0.7096041379587061
56 338 0.6519652696193944
56 348 0.6752567292659201
56 353 0.5441470834498826
56 357 0.6017484988435965
56 366 0.5892952465321308
56 372 0.6433732366404723
56 399 0.7174840034976849
56 402 0.651453401064123
56 417 0.5610039325398495
56 428 0.6415285978775549
56 438 0.5891908870674571
56 457 0.6200434400610476
56 474 0.6656098072359206
62 88 0.5595841429419253
62 186 0.6818826858726703
62 236 0.6686052046284662
62 348 0.5429192281729767
62 353 0.5737065333608894
62 366 0.5807003475637704
62 399 0.5588354752161729
62 407 0.6595007401294625
62 417 0.5941579942910048
62 457 0.567085633902988
186 88 0.6177789194307278
186 100 0.5415398123182702
186 101 0.5425556793584994
186 109 0.5754210162136136
186 144 0.5564578418231328
186 222 0.5511240594580653
186 236 0.7029664003078967
186 244 0.554212758391313
186 248 0.5421267236834431
186 264 0.5912172621073016
186 285 0.54485837231322
186 299 0.5680377054852086
186 348 0.5707924890352606
186 353 0.5744143228402946
186 357 0.5998040614470657
186 366 0.6060603676533354
186 399 0.5636874448797308
186 402 0.5463495380928688
186 407 0.67299077837517
186 438 0.5467102601427613
186 457 0.5510334175346033
186 474 0.5419175232669702
236 88 0.5719278169828833
236 264 0.5591581676958586
236 299 0.5668823132801831
236 353 0.5662234670275202
236 366 0.586596667389918
236 399 0.5573513251659956
236 407 0.6080229855306334
7 353 0.5702501965878539
353 55 0.5533428542717586
353 58 0.5427934165184963
353 97 0.5628659836154373
353 101 0.5762184412150771
353 109 0.5916731360008802
353 222 0.5830230723264536
353 248 0.5636421569398768
353 264 0.6907399980686626
353 267 0.5626973015769038
353 269 0.5619447060370989
353 285 0.692982219772071
353 338 0.5495814963781798
353 348 0.6004086349909532
353 357 0.7148036168211289
353 366 0.5719266368661974
353 372 0.5589403733962675
353 402 0.5672678179884546
353 417 0.7191985119516585
353 428 0.5907614867754485
353 438 0.6993936561662069
8 124 0.586724419023872
8 286 0.5738002107293482
8 340 0.6407156114011059
8 413 0.6555544322599653
8 455 0.640841013428353
124 413 0.5473649241772877
124 455 0.5621688048446057
286 340 0.5802636514382667
286 413 0.5532040437846655
286 455 0.5677433516225014
340 413 0.6234582665063686
340 455 0.5960694408499031
413 455 0.5997104389302996
9 350 0.5723320910642566
9 352 0.7199489245600983
350 148 0.5463165312909873
350 352 0.5729572168111654
350 388 0.5603790848749355
10 24 0.6401537926855368
10 128 0.6470932551626196
10 395 0.645259633283034
10 432 0.657577679137603
24 128 0.8057903605316884
24 395 0.7097774754059096
24 432 0.7609850583577222
128 395 0.7302182979418668
128 432 0.7126487241763221
395 432 0.6768749282096388
11 181 0.6043560424275133
14 235 0.5481416327449015
235 401 0.551339460887729
18 23 0.7761405513048828
18 25 0.8203175969366563
18 29 0.6706234675692178
18 84 0.6666328365822722
18 105 0.8284596713018536
18 113 0.7870914116421923
18 138 0.7340500314503429
18 141 0.8029886085213693
18 143 0.791884808001123
18 149 0.6973809080332537
18 153 0.7802152650850712
18 162 0.8306204089777065
18 164 0.5982011481358129
18 176 0.5751849649052337
18 313 0.7448499216111093
18 316 0.7384791373648327
18 343 0.6592176375556155
18 346 0.8487037303295861
18 351 0.7194042286037589
18 358 0.6506251968092105
18 387 0.7041008858155935
18 394 0.6728100284612074
18 456 0.847034258591118
18 467 0.8281866704382028
23 25 0.7188628800733962
23 29 0.636618614658943
23 84 0.6386449633661637
23 105 0.7759674426941047
23 113 0.7407667617562916
23 138 0.6840603814470694
23 141 0.7825256593648992
23 143 0.7324663094464334
23 149 0.6277018685243162
23 153 0.7167606864791756
23 162 0.7275257744094603
23 164 0.6244836713322655
23 176 0.5489367209409268
23 313 0.6244647893538744
23 316 0.6660841433831303
23 343 0.6025334899623578
23 346 0.7693127727128425
23 351 0.6447100252972875
23 358 0.6435655969415933
23 387 0.6419974930392062
23 394 0.6017005375770449
23 456 0.755875098091103
23 467 0.7488485412651752
25 29 0.6249676697454041
25 84 0.5799178913191695
25 105 0.793141863147988
25 113 0.7857932972585129
25 138 0.6986643253170173
25 141 0.7750509220252251
25 143 0.7651225442037091
25 149 0.669550344515059
25 153 0.7163883429761884
25 162 0.7623058513274725
25 164 0.5680588358396363
25 176 0.5522321743928761
25 313 0.6947961625790087
25 316 0.7034647079871001
25 343 0.6054481617435304
25 346 0.7858074586448183
25 351 0.6814359755471879
25 358 0.6366515847785829
25 387 0.6441377367901802
25 394 0.6829490310772344
25 456 0.7707987493922405
25 467 0.8262307940753609
29 84 0.6049970929763979
29 105 0.6593142687890536
29 113 0.7044162095193387
29 138 0.6208338463559788
29 141 0.6654524577209603
29 143 0.6447386692146682
29 153 0.631486235818217
29 162 0.6003492749270558
29 176 0.542389263087704
29 313 0.5654902289365673
29 316 0.6357827143001132
29 346 0.6611268099287987
29 358 0.5499638785951982
29 387 0.6377034790009342
29 394 0.5561250551298018
29 456 0.6863450969239039
29 467 0.6156101692357977
84 105 0.653544776816626
84 113 0.6121921539077121
84 138 0.5952910132428657
84 141 0.6709318790077544
84 143 0.5987633146859996
84 153 0.626062081686485
84 162 0.5532440757593683
84 313 0.5566231471913333
84 316 0.604958433209229
84 346 0.6517776413663949
84 351 0.5748214182453729
84 358 0.5403941951524652
84 387 0.6364974724835946
84 456 0.5869769642931643
84 467 0.6131038208954991
105 113 0.8174282950577921
105 138 0.7331448160276243
105 141 0.8351920859667271
105 143 0.8207508815986623
105 149 0.6669192118871222
105 153 0.7406942790654734
105 162 0.7980161432269394
105 164 0.6188451445439976
105 176 0.5971630165114776
105 313 0.6871310902453341
105 316 0.7041147643260689
105 343 0.6536264930224942
105 346 0.7948904044239898
105 351 0.6901336230660172
105 358 0.6383754170249166
105 387 0.6788191268793231
105 394 0.6903470411058572
105 456 0.7715767829923752
105 467 0.8465053101473814
113 138 0.7339265775246702
113 141 0.7902044040375016
113 143 0.8212354749877574
113 149 0.6529870297436317
113 153 0.739970198149264
113 162 0.8039788775055817
113 164 0.6169124716182215
113 176 0.5661953974131708
113 313 0.6701317480972603
113 316 0.6548316581573168
113 343 0.640098720616851
113 346 0.8202054659804162
113 351 0.6769424792762522
113 358 0.6768542186411716
113 387 0.6669501566406674
113 394 0.6942743311452673
113 456 0.8214721233110579
113 467 0.82577920231274
138 141 0.7192386359189826
138 143 0.7460941111032
138 149 0.6065865800776515
138 153 0.6499290848772815
138 162 0.6820298069704456
138 164 0.5800115533332777
138 313 0.6329322709931405
138 316 0.6390006996143355
138 343 0.5823549843968998
138 346 0.7343427650151678
138 351 0.6525562542742739
138 358 0.6316897127066033
138 387 0.6876979029539807
138 394 0.6477156346393536
138 456 0.7292725943487938
138 467 0.7084720873565972
141 143 0.7768220362403384
141 149 0.6328728518932205
141 153 0.6846587221229108
141 162 0.8012440000915101
141 164 0.6172937412132405
141 176 0.6014371163846411
141 313 0.6594522214120796
141 316 0.7227381745219749
141 343 0.5864656744377715
141 346 0.7843777757324852
141 351 0.720549195916763
141 358 0.6546866394977419
141 387 0.6748456604366473
141 394 0.6358269993495679
141 456 0.7731808308179575
141 467 0.7930944956512245
143 149 0.6584798102846036
143 153 0.7396674473132545
143 162 0.7880789426635011
143 164 0.5990361994608167
143 176 0.564057124302473
143 313 0.6736029937176669
143 316 0.6649615271682451
143 343 0.5828883968242291
143 346 0.7820922154254262
143 351 0.6881820592133739
143 358 0.6580267701603921
143 387 0.6836815756591028
143 394 0.7404863429049554
143 456 0.7976732837724205
143 467 0.8302846621836499
149 153 0.5986419230533208
149 162 0.6541946812980012
149 313 0.5511336189737399
149 316 0.5863848230562312
149 343 0.6628017875606879
149 346 0.6737704376340414
149 351 0.5917926327995807
149 387 0.6595107083682779
149 456 0.6762360923385327
149 467 0.708304764648501
153 162 0.6889073861070506
153 164 0.6446916043434545
153 176 0.5418179765610279
153 313 0.630867731078421
153 316 0.6382104850336031
153 343 0.5691780906789258
153 346 0.7373881053795959
153 351 0.6241801867236769
153 358 0.6664015338368985
153 387 0.618806163664715
153 394 0.6038166930332729
153 456 0.7158336886792304
153 467 0.733535684208177
162 164 0.6095839542052235
162 313 0.6814765920151808
162 316 0.675977796477397
162 343 0.6243890196522831
162 346 0.7955166624444754
162 351 0.6722664580758133
162 358 0.6787801686939233
162 387 0.6570450536637866
162 394 0.6662226761313239
162 456 0.7862393809271302
162 467 0.8112326763632973
164 176 0.5680607795284018
164 346 0.5864442489823469
164 358 0.7081855237477025
164 456 0.55317836580749
164 467 0.6052183237696488
176 346 0.5665329127769136
176 358 0.5612593817549678
176 387 0.5539421735609295
176 467 0.629931180961641
313 316 0.5872227067272963
313 343 0.5689050905670114
313 346 0.701651847038146
313 351 0.6044836226177482
313 387 0.5547888301278772
313 456 0.6834119814769066
313 467 0.6927299626820799
316 346 0.7184466974219275
316 351 0.6290151875594977
316 358 0.5772515584455876
316 387 0.6232993026695701
316 394 0.5958673391558363
316 456 0.678341965896693
316 467 0.6868570803669704
343 346 0.6433231902384096
343 351 0.5569206464856227
343 387 0.5899276726720905
343 456 0.6290131065623015
343 467 0.6504079176492326
346 351 0.708954755651327
346 358 0.6824243683035419
346 387 0.6765704584040747
346 394 0.6284593501177418
346 456 0.810051751999509
346 467 0.8233178698574097
351 358 0.574590110249229
351 387 0.6194848902612863
351 394 0.5726664727542243
351 456 0.6680868732138076
351 467 0.7000360133408813
358 387 0.6043274083621775
358 456 0.6713257664268387
358 467 0.671749962728383
387 456 0.6515842657557224
387 467 0.6953934886617894
394 456 0.701833447717248
394 467 0.6868011412933136
456 467 0.7930506007011865
19 93 0.6348412861383126
19 97 0.6525996785364798
19 206 0.5973969778006208
19 267 0.590642973500925
19 355 0.6444702496577689
19 417 0.6074202196866942
19 421 0.5987116275302565
93 97 0.6392331766664411
93 206 0.5459340299686404
93 267 0.553796389072075
93 421 0.7081275342980908
93 470 0.5600763613720147
97 206 0.5565794587518154
97 267 0.6403393554949128
97 275 0.541584230663863
97 417 0.6501580273342471
97 421 0.6249404041659651
206 267 0.5422378942292906
206 417 0.5707673132324326
267 47 0.5820556722067264
267 58 0.6035118057431854
267 101 0.5665399478902358
267 109 0.5603178458908291
267 175 0.5772017215653816
267 222 0.6041701046913975
267 248 0.5615694987390191
267 262 0.564260046391869
267 264 0.5638161175055102
267 269 0.6212312355960513
267 285 0.5632972576989472
267 338 0.5985063039983894
267 348 0.5869758740126696
267 357 0.5763748503759342
267 372 0.5550679872604976
267 402 0.6151209643373994
267 417 0.6536260688754624
267 421 0.5412906507353852
267 428 0.5906447793397749
267 438 0.6189221328928848
267 474 0.5613783811739934
417 27 0.5635439355216093
417 46 0.565091743182433
417 47 0.6501266854514908
417 55 0.5962996210258266
417 58 0.6455265808500048
417 75 0.5836700269813853
417 88 0.5476454129088167
417 101 0.6268694761955927
417 109 0.6420322698783655
417 175 0.6333460982521231
417 222 0.6568323354873014
417 244 0.5768953744567041
417 248 0.6099633711450337
417 262 0.5656844914300596
417 264 0.7204533376237106
417 269 0.6991245704624635
417 285 0.667809150068663
417 320 0.5606581585548772
417 338 0.6769592312919896
417 348 0.6480971518496375
417 357 0.7105119007790277
417 366 0.5793897462868633
417 372 0.6399103577540091
417 402 0.6514734630320013
417 428 0.6937354071141997
417 438 0.7239420114719193
417 457 0.5742549486679259
417 474 0.6120148395651981
20 21 0.9841124980528093
20 171 0.6776490839943291
21 171 0.673115080145579
21 448 0.5475913429805613
448 278 0.7938297217838579
22 344 0.5615406644207757
26 55 0.5564048253467768
26 75 0.6386821883358662
26 88 0.5403950673521669
26 100 0.5429031336813996
26 132 0.6682238946644616
26 144 0.5421146026372864
26 175 0.5419263576442376
26 244 0.5547995602888794
26 269 0.5438491592070253
26 402 0.560009661212435
26 404 0.6082890937438837
26 428 0.5537663234759401
55 58 0.7466664096636794
55 75 0.6773753224686386
55 88 0.7068837874573389
55 100 0.7892462835601363
55 101 0.7760302189033711
55 109 0.7598384496721773
55 132 0.6319453636814176
55 144 0.6110040153542995
55 175 0.7462622218454568
55 199 0.7212068833954781
55 222 0.7744150844461476
55 244 0.8717345142925255
55 248 0.7741140109046398
55 262 0.6224923935878695
55 264 0.7692420257453754
55 269 0.7090570325514796
55 285 0.6963760140180054
55 299 0.8206069071936977
55 320 0.6738569964113834
55 338 0.7282522366771995
55 348 0.7904505631837
55 357 0.7618877719526186
55 366 0.7168996482474554
55 372 0.7771615548596184
55 399 0.5930542820087068
55 402 0.798069012126991
55 428 0.7874815286720718
55 438 0.7166990838563442
55 457 0.7227393215557418
55 474 0.7324050260466277
75 58 0.6553014873601792
75 88 0.6015751401486081
75 100 0.5852599885569038
75 101 0.6112710933481883
75 109 0.6242821452777856
75 132 0.7747963464403039
75 144 0.6130393008204876
75 175 0.6466117794827952
75 199 0.5840744133938445
75 222 0.6274933805090062
75 244 0.6642945679654367
75 248 0.6377964231844474
75 262 0.5443678257095267
75 264 0.6541331792364098
75 269 0.655929973504447
75 285 0.6088835984726152
75 299 0.6460614521678556
75 320 0.5588565148106523
75 338 0.5981572672367521
75 348 0.6390909017598992
75 357 0.6211090845901194
75 366 0.6424130539710313
75 372 0.6308686366128804
75 402 0.6800826159704804
75 404 0.7294914526165729
75 428 0.674770531137619
75 438 0.6280800283699949
75 457 0.5953624991075489
75 474 0.6000948813255692
88 58 0.6726653309058193
88 100 0.6618916523070564
88 101 0.6812586726249554
88 104 0.574134919360481
88 109 0.746207402238208
88 132 0.5448814740904707
88 144 0.7667256396967642
88 175 0.6582414269015774
88 199 0.6824709111242847
88 222 0.7015700916860701
88 244 0.6727601300173123
88 248 0.6937898129575266
88 262 0.5489813423931786
88 264 0.6889886917352149
88 269 0.6477214816668159
88 285 0.6495134185088605
88 299 0.7251185868822013
88 320 0.6873207944698192
88 338 0.6860336400280557
88 348 0.6929651529518664
88 357 0.6965070737122072
88 366 0.7410978933749468
88 372 0.6732146534673608
88 399 0.5897889083051613
88 402 0.7211935218725744
88 428 0.6574468047446249
88 438 0.662912718441898
88 457 0.6568351222904915
88 474 0.7208600842681492
100 58 0.6893348858433118
100 101 0.627837541958122
100 109 0.6511396091808703
100 132 0.5620926139659866
100 144 0.5737870069914504
100 175 0.6614190821685664
100 199 0.7497352113187081
100 222 0.7056211264154592
100 244 0.7967439793890074
100 248 0.6850526332352523
100 264 0.616402874528331
100 269 0.6359340739746165
100 285 0.6394143631609593
100 299 0.7445181623858278
100 320 0.6897667951749376
100 338 0.6244981251047674
100 348 0.6898441538213124
100 357 0.627359347820637
100 366 0.6521399547583735
100 372 0.6654207166420182
100 399 0.6379290642272046
100 402 0.6996816045809565
100 428 0.6717840510220536
100 438 0.6109659567874715
100 457 0.6402312713553887
100 474 0.6410736072214815
132 58 0.59014083509779
132 101 0.5409376336235918
132 109 0.5736660709049061
132 175 0.5604156209531872
132 222 0.569848370401362
132 244 0.6069893929228968
132 248 0.569481716455956
132 264 0.5546654204644375
132 269 0.554321504379802
132 299 0.5676308472757425
132 338 0.5535868159483278
132 348 0.5514317948298351
132 372 0.5705877609463473
132 402 0.608253570636208
132 404 0.7114650409392127
132 428 0.5663683986722121
132 438 0.552577293633198
132 474 0.5536371462676881
144 58 0.6275849969376451
144 101 0.5931973367131868
144 104 0.5602271413056998
144 109 0.6867076625929842
144 175 0.6599314824656909
144 199 0.5816021847885099
144 222 0.6657472099036676
144 244 0.6474487362430534
144 248 0.6497810293058937
144 264 0.6240820416797501
144 269 0.6101801525733098
144 285 0.5844498052316632
144 299 0.641099978246578
144 320 0.6162212875264784
144 338 0.5733333569719586
144 348 0.6170303325213301
144 357 0.6244339868685043
144 366 0.7247345476073775
144 372 0.6335326957671177
144 399 0.5444421825514234
144 402 0.6501534347473068
144 404 0.553751835326593
144 428 0.611940034302268
144 438 0.6173159205908295
144 457 0.5660461747917434
144 474 0.6480159787736554
175 58 0.8297438124530029
175 101 0.7850627211980514
175 109 0.7907857348394123
175 199 0.6536019984867107
175 222 0.8026957437380248
175 244 0.7319565709533923
175 248 0.7880534451142076
175 262 0.5662374670694246
175 264 0.7364874287185639
175 269 0.761563952033811
175 285 0.6936960379777118
175 299 0.7116002209176263
175 320 0.6430832333677068
175 338 0.7441261527167343
175 348 0.7906286239380925
175 357 0.714363264734529
175 366 0.7122840412749557
175 372 0.8224168553456269
175 399 0.556986623559568
175 402 0.8451483877261691
175 404 0.5787378150589569
175 428 0.7445621195849127
175 438 0.7277363338688435
175 457 0.6561646874818066
175 474 0.798710212151392
244 58 0.7730397622616944
244 101 0.7300486109540495
244 109 0.7480216338863226
244 199 0.7464611271759863
244 222 0.7665153078387156
244 248 0.7615245770118922
244 262 0.6054776463315646
244 264 0.7069138668742622
244 269 0.7230246681563801
244 285 0.6611426748430347
244 299 0.797471877349798
244 320 0.6682214039210532
244 338 0.7111554490579954
244 348 0.7856227284001106
244 357 0.6954060257104087
244 366 0.6898419155957443
244 372 0.7619517608545565
244 399 0.6270070862182963
244 402 0.7748360770041416
244 404 0.550234587390146
244 428 0.7872246811278096
244 438 0.6672169939816192
244 457 0.7115173594044644
244 474 0.7150307046511912
269 47 0.5443712707112879
269 58 0.7934481507970994
269 101 0.7508845952773125
269 109 0.7679068306476997
269 199 0.6157348374302154
269 222 0.8159903607692737
269 248 0.7712131833171683
269 262 0.5778318364409148
269 264 0.7217005782764037
269 285 0.6539033213768065
269 299 0.6368100061208658
269 320 0.6301967626671289
269 338 0.7558523100259953
269 348 0.8110021383693321
269 357 0.6728963654015303
269 366 0.6432291743497244
269 372 0.8036194413909182
269 402 0.815756430449498
269 428 0.8253084727286628
269 438 0.6864590397635992
269 457 0.6612029940317624
269 474 0.7633677120722252
402 47 0.5634065378806449
402 58 0.849026128565296
402 101 0.8254584848963493
402 109 0.8420617645051632
402 199 0.7006842901220315
402 222 0.8535104009463216
402 248 0.8506601964817853
402 262 0.6282744633156585
402 264 0.7783162383731704
402 285 0.7138453344222006
402 299 0.7640390476625059
402 320 0.7017279058236291
402 338 0.8060731023720692
402 348 0.8492544030110253
402 357 0.7367177997611445
402 366 0.7238318673345474
402 372 0.8509290529149739
402 399 0.6078737084851146
402 404 0.5733096759461246
402 428 0.8019346836761191
402 438 0.7528373910950055
402 457 0.7138078236938874
402 474 0.8174441564306533
404 58 0.5483719011857782
404 109 0.5482059680039084
404 222 0.5453760128765462
404 248 0.5599630072757135
404 299 0.5478419911542561
404 366 0.5615412786871445
428 47 0.5584865076225484
428 58 0.7912953720892514
428 101 0.7703536811797264
428 109 0.7370708823601817
428 199 0.6642253976555464
428 222 0.7737792126551014
428 248 0.7431398766148029
428 262 0.5743102239259541
428 264 0.776778284113973
428 285 0.7038793007651939
428 299 0.7028426262956186
428 320 0.6271848639750834
428 338 0.7342623190791597
428 348 0.8207150643110428
428 357 0.7429311980040741
428 366 0.7002944982351784
428 372 0.7594056021505974
428 399 0.5684187048152213
428 438 0.7365361444247948
428 457 0.71822859730173
428 474 0.7183797935624544
28 118 0.59345728217821
28 382 0.6708343102067404
118 382 0.6140668197145379
58 47 0.5786662832599684
58 101 0.7728097915088038
58 109 0.8086403423283889
58 199 0.6901003748248481
58 222 0.8147038675473522
58 248 0.8006687331833272
58 262 0.5481559690841029
58 264 0.6930785959680946
58 285 0.6574064221557824
58 299 0.7121900522479095
58 320 0.6324678029749089
58 338 0.7806647476895984
58 348 0.8221446492342407
58 357 0.6981852169174214
58 366 0.6937587365514618
58 372 0.8139052587744338
58 399 0.5879002791577083
58 438 0.6932562638616657
58 457 0.7252161776659698
58 474 0.7969147029362493
101 47 0.5456235881630515
101 109 0.848204600683107
101 199 0.6304928263685291
101 222 0.8044391199541092
101 248 0.8227967905540932
101 262 0.5913929259468262
101 264 0.7500433200996556
101 285 0.7042461565089938
101 299 0.7227655782195205
101 320 0.6727616391421077
101 338 0.7645450492368372
101 348 0.7765418903806592
101 357 0.7072568872553133
101 366 0.6870373083909347
101 372 0.8274244484304061
101 399 0.5953078486743318
101 438 0.7199954526197755
101 457 0.6688114619159385
101 474 0.7916158643023846
109 199 0.6505420862798534
109 222 0.8326548211047947
109 248 0.829756956935523
109 262 0.58491744314366
109 264 0.7396963089512191
109 285 0.6705419053287351
109 299 0.754240303431378
109 320 0.7271261068012838
109 338 0.7868816023837678
109 348 0.8058204095906589
109 357 0.7008046619293021
109 366 0.7510749873235875
109 372 0.8492239402656998
109 399 0.6204613633210774
109 438 0.7284256646067886
109 457 0.6660140626527518
109 474 0.8465152944999121
199 222 0.6888596391063095
199 248 0.6913308431561221
199 262 0.5471969877140309
199 264 0.6315847030218443
199 285 0.6077959249021389
199 299 0.7684913813196085
199 320 0.624260509817975
199 338 0.6020855248073415
199 348 0.7052131810276072
199 357 0.6355977591175374
199 366 0.6829142413644028
199 372 0.6524881255054319
199 399 0.630985658416762
199 438 0.6314571262961972
199 457 0.636107569124801
199 474 0.6319253631708615
222 248 0.8611347521892289
222 262 0.61540600936426
222 264 0.7500661860342935
222 285 0.7102802783414214
222 299 0.730308607438218
222 320 0.6822947420781356
222 338 0.8220687460474161
222 348 0.8160540880730691
222 357 0.6997163545891775
222 366 0.729490130429795
222 372 0.8212661962832181
222 399 0.5867617648559665
222 438 0.7216058966859893
222 457 0.6948872411238084
222 474 0.8169647231081363
248 47 0.5771372454071354
248 262 0.59328962661447
248 264 0.7530576331620392
248 285 0.6741263153630926
248 299 0.7776220024061047
248 320 0.6738002097855268
248 338 0.7834651965325954
248 348 0.8160835711270512
248 357 0.6876758865233615
248 366 0.6920271120008646
248 372 0.8392956540500947
248 399 0.5975540460090792
248 438 0.7138500827263843
248 457 0.6890086313719568
248 474 0.7989071332744534
264 47 0.5612702453815177
264 239 0.5497622352462858
264 262 0.5892410415295755
264 285 0.8053615029642547
264 299 0.7177928216312209
264 320 0.6140662745272357
264 338 0.7246006639093046
264 348 0.7899203166172055
264 357 0.867728495488139
264 363 0.5507826629125965
264 366 0.6870926387118169
264 372 0.7379975921720289
264 438 0.8599405182321166
264 457 0.641117947259459
264 474 0.7069394360540383
285 47 0.5761463941752621
285 262 0.5739705688025393
285 299 0.6694340381181453
285 320 0.6075882244879575
285 338 0.690091318461926
285 348 0.7153322802767195
285 357 0.7900080385551838
285 366 0.63572179630962
285 372 0.6815144696238401
285 438 0.7967461061589018
285 457 0.6228159253474627
285 474 0.659241901355678
299 262 0.6024107665850912
299 320 0.6361303846961138
299 338 0.6948836874942854
299 348 0.7671891693717536
299 357 0.7045895479528141
299 366 0.7408345817974761
299 372 0.7116275685113433
299 399 0.616983826679862
299 438 0.7087380473965864
299 457 0.6747782562927693
299 474 0.6955374119314165
320 262 0.5541298507795732
320 338 0.667903311250678
320 348 0.6768164489254881
320 357 0.5958058292604703
320 366 0.6276132193446186
320 372 0.6805900387044729
320 399 0.6805242714946144
320 438 0.6406533750229016
320 457 0.6227384310793833
320 474 0.692885434733095
338 47 0.5641506569361003
338 262 0.6271909094432729
338 348 0.7598777307964226
338 357 0.7057613318941541
338 366 0.688782161522719
338 372 0.755612097286798
338 438 0.6664708963864555
338 457 0.687267920259313
338 474 0.794437184514582
348 47 0.554785792271708
348 262 0.6117117528584004
348 357 0.7608047443791097
348 366 0.7294090944047509
348 372 0.8047838307454425
348 399 0.6052007410368951
348 438 0.7327360899783015
348 457 0.7230575691823058
348 474 0.7853996865219327
357 262 0.6044854325301695
357 366 0.6762039688473173
357 372 0.7061085203208116
357 399 0.5449384047215904
357 438 0.7943625094605927
357 457 0.6321831665174475
357 474 0.6778549507921363
366 262 0.5550798544281935
366 372 0.6998854689282498
366 399 0.5897531113830671
366 438 0.6723386963694065
366 457 0.6520450324305771
366 474 0.7168937144268785
372 262 0.6274609305736989
372 399 0.5882145840558505
372 438 0.7317994339541289
372 457 0.6982551861742844
372 474 0.8314095663872069
399 438 0.5459198695903625
399 474 0.6209758949045847
438 47 0.6012414424397672
438 262 0.5928438580177219
438 363 0.5506358268266752
438 457 0.608311002925113
438 474 0.7057041091827501
474 262 0.6156420953074242
474 457 0.6700551723785382
31 76 0.6844890335797937
31 282 0.661832388978665
76 282 0.7289707347084563
32 40 0.5611201838160712
32 146 0.5457655601498921
32 152 0.5588315414888118
32 184 0.5707387630924499
32 225 0.5823877639098971
32 227 0.574771396377584
32 333 0.5538627420678275
32 337 0.6066223545183301
32 376 0.5807253712366949
40 184 0.5451559398203394
40 225 0.6337768405036306
40 227 0.586064875696416
40 277 0.5787319647697211
40 378 0.575749088458741
40 409 0.5412840878895248
40 471 0.5723860386798785
146 80 0.5626295176789172
146 121 0.5682607473633865
146 139 0.5724646004679551
146 152 0.5562566098775403
146 179 0.554774886974434
146 227 0.5883148478034325
146 333 0.6340265069681887
146 337 0.5674196596388553
146 376 0.5939623716230994
152 80 0.5568655496084385
152 121 0.5880852342707257
152 139 0.6542888258576076
152 179 0.6247212712998805
152 333 0.5627244309727782
152 337 0.559658930542953
152 376 0.5746101635109498
184 225 0.5831375321150848
184 227 0.5537826029755126
184 376 0.5490104908553454
225 173 0.5544048992102667
225 227 0.614219175425596
225 333 0.5539021699964282
225 376 0.5657111926876895
225 378 0.5496196388570527
225 397 0.622390270805449
227 333 0.5524212336654876
227 337 0.5734076833071329
227 376 0.6237989617735057
333 80 0.5826576516330438
333 121 0.6054701905710048
333 139 0.5752827163427118
333 239 0.5480666878081706
333 337 0.6429604873410898
333 376 0.6783957037500924
337 139 0.5715099432680452
337 376 0.5782232324020856
376 80 0.6200271898617061
376 139 0.6579340740262866
376 397 0.565492922841801
376 471 0.551173742901605
34 205 0.5448070548936788
34 409 0.583137565280057
205 367 0.5447850260532061
35 41 0.6748312624899092
35 90 0.6374036523090149
35 96 0.6936994418840308
35 111 0.698847105806011
35 112 0.6560473874975346
35 130 0.776283750347391
35 155 0.713063564169175
35 202 0.622711559310246
35 210 0.6358604064947263
35 213 0.6657275569563089
35 272 0.6917905888762098
35 304 0.5477521946215055
35 309 0.7019390084826703
35 317 0.7334195998977102
35 327 0.5993449964173768
35 347 0.6802804900789714
35 365 0.5704785214873436
35 384 0.5810909153850432
41 90 0.68996107133135
41 91 0.5521240495398025
41 96 0.6472376927284655
41 111 0.668571118373586
41 112 0.6069290852932542
41 130 0.682102912856942
41 155 0.7087298209340493
41 202 0.5762275019968947
41 210 0.5688021859016502
41 213 0.669237492894954
41 272 0.6685559116478829
41 304 0.5466316616842327
41 309 0.6383246384751254
41 317 0.6961388971902618
41 327 0.5774860170524452
41 347 0.6534802557905497
41 365 0.5465982616056573
41 384 0.5638327500940546
90 96 0.6939743377400076
90 111 0.6718539912839302
90 112 0.5997613761417784
90 130 0.6977918187491255
90 155 0.6758920008936121
90 156 0.5773992971143006
90 202 0.5823537603657016
90 210 0.5592342376399123
90 213 0.6129234403245903
90 272 0.6346485115501533
90 309 0.7149251759087413
90 317 0.5783090728201371
90 327 0.557710800210717
90 347 0.6115809341653677
90 365 0.682257762545654
96 111 0.7605521996566651
96 112 0.691289033598148
96 130 0.7455692527740944
96 155 0.728984109351078
96 202 0.5751293013244043
96 210 0.5984704129302897
96 213 0.6390695339802464
96 272 0.6873218759638631
96 309 0.7365635979991533
96 317 0.6566101016854164
96 327 0.5841934902061322
96 347 0.7298304330006876
96 365 0.5439125266216286
96 384 0.5517705287159443
111 112 0.6562078843454276
111 130 0.7580053199652086
111 155 0.7981349454235905
111 156 0.5518390432250939
111 202 0.6330005932047374
111 210 0.6020312148423915
111 213 0.6510107296103572
111 272 0.6859116351372113
111 309 0.7488643354926824
111 317 0.670850181964866
111 327 0.567208870851486
111 347 0.7374665732016716
111 384 0.5816762531461737
112 91 0.6428989670329281
112 130 0.740978339217164
112 155 0.7245461047045925
112 169 0.5724926498094427
112 202 0.6123273380571155
112 210 0.6302565668151383
112 213 0.6594072001883563
112 272 0.7635802039436598
112 304 0.5846089817014928
112 309 0.6751233032938135
112 317 0.6456230620231476
112 327 0.6258505007119879
112 347 0.6125748592625809
112 384 0.5642456012926343
130 91 0.5777654608563185
130 155 0.7590737187281322
130 156 0.5417903904279319
130 202 0.6817076442438782
130 210 0.6917417810791708
130 213 0.732376337563884
130 272 0.7738133217319934
130 304 0.6080730979868308
130 309 0.767251925753604
130 317 0.734297398016782
130 327 0.6041001580767351
130 329 0.566412285808695
130 347 0.7149607414284139
130 365 0.6047889163375451
130 384 0.6099200667159692
130 410 0.5799227770370465
155 91 0.5509335010671302
155 202 0.6404431884518614
155 210 0.6546423384539856
155 213 0.6768277235886211
155 272 0.7200669992252686
155 304 0.5709438249275016
155 309 0.7228451483877261
155 317 0.6843692106655246
155 327 0.5920573882425574
155 347 0.7365106788740191
155 365 0.5472963138670883
155 384 0.5739221012998005
155 410 0.5593678350939116
202 91 0.5492935335360484
202 210 0.6348022362402463
202 213 0.6078389567149359
202 272 0.6160994036876438
202 304 0.644675869469782
202 309 0.6410953989655893
202 317 0.6235416456464209
202 327 0.5901278989789556
202 347 0.6416584255202955
202 384 0.7053839272861628
202 410 0.5683241339962305
210 213 0.6283619524460647
210 272 0.6724582916863084
210 304 0.6825048660096832
210 309 0.6201373339774141
210 317 0.5864434829117711
210 327 0.556811264283591
210 384 0.6091572316358063
210 410 0.5721351241475686
213 272 0.7149767575803948
213 304 0.5529297548034635
213 309 0.6450511462068726
213 317 0.674685956075499
213 327 0.5996042285121196
213 347 0.5871936909402703
213 384 0.5679719541392768
272 91 0.5700414831182222
272 304 0.5695406076595158
272 309 0.7041204601371778
272 317 0.6721303575704163
272 327 0.631214477217531
272 347 0.6252619371968744
272 384 0.5502272318705135
304 309 0.5610245605643154
304 317 0.5474724742597052
304 384 0.6105387546311626
304 410 0.5567235869728037
309 91 0.5647900269204181
309 317 0.6613293901691888
309 327 0.5859483223376161
309 347 0.7346523888312905
309 365 0.6155762784006763
309 384 0.6221770630994458
309 410 0.5507663579418517
317 327 0.5540446556421337
317 347 0.6385142942786822
317 365 0.5656290216212384
317 384 0.5908505051988179
347 91 0.5530066127839462
347 384 0.5785336648151935
365 72 0.5941060032002833
365 156 0.6320878054020155
384 410 0.6282489867215254
36 43 0.5720756682356416
36 289 0.6494496922454185
36 391 0.5686790135646466
36 411 0.6419465147831163
36 469 0.5520510706895345
43 73 0.5725078172984094
43 252 0.7407577285765761
43 259 0.8635975271072536
43 289 0.6716424280724492
43 290 0.6111780171183776
43 391 0.5994185569662643
43 411 0.5995393221454541
43 469 0.553665360147656
289 69 0.5456072452813668
289 252 0.6016828057330926
289 259 0.6499916310124318
289 362 0.6128010696569344
289 391 0.6339862390608165
289 411 0.6351195437828933
289 469 0.610017176584863
391 69 0.5955737398281512
391 259 0.5995106059953537
391 362 0.7249997885626074
391 411 0.5725773300505129
411 252 0.5724973629330078
411 259 0.5757592028868889
37 73 0.585945032472076
37 405 0.5561837266789503
73 259 0.5629154260688692
73 405 0.7368537822201177
405 369 0.5543222911234856
38 433 0.57882317676542
39 46 0.6265348397915178
39 275 0.6477660489478125
39 464 0.5709321918721244
46 275 0.6883363455788177
277 185 0.7258163113738204
378 217 0.5779884415529097
91 169 0.6545095075042703
91 329 0.5500870041027714
42 52 0.6425522934290451
42 159 0.582655471030892
42 160 0.5804300501708638
42 292 0.5871473885100534
42 426 0.6558966595421541
52 159 0.7269498761468268
52 160 0.7221010308901339
52 292 0.6138097959854814
52 426 0.7805857545051912
159 160 0.69624508801403
159 292 0.5988242897766944
159 426 0.7495483106049551
160 292 0.582225057122531
160 426 0.7726233599587266
292 426 0.6494481187574322
252 259 0.764172007345039
259 290 0.598452042160827
48 415 0.5410304502739496
48 445 0.6719622706909153
49 369 0.5414370030730209
369 381 0.5602965394875691
50 335 0.6391936975512199
335 177 0.576714816710285
262 457 0.557637477139333
59 401 0.5800603314512566
65 183 0.5821394404168099
183 195 0.6179137151382449
66 172 0.5944302076590807
66 370 0.5733364252366292
66 390 0.5502941634633085
66 392 0.7538395209714541
66 449 0.6985258772004449
172 193 0.7131812921365204
172 250 0.8348017642878127
172 270 0.7461478563099065
172 368 0.6948637025037734
172 370 0.8470750628510108
172 390 0.74507473771437
172 449 0.5621289147667603
370 193 0.7075552747761823
370 250 0.8157015081030788
370 270 0.6941539228916431
370 368 0.7096269535345063
370 390 0.7187624834120118
370 449 0.5446273909410864
390 193 0.788195750908028
390 250 0.7321621816250595
390 270 0.8053635463887676
390 368 0.5712031693188895
392 449 0.7012468372789347
70 166 0.5551139078129215
166 173 0.5971932520194354
166 434 0.5970835012539828
72 156 0.6232259102558022
74 110 0.5489098954290548
74 194 0.6454882967853264
74 247 0.593596652562328
110 194 0.5924169879710183
110 247 0.5808219760069578
110 280 0.5864380437038985
194 212 0.5576538026107475
194 241 0.6286102712617626
194 247 0.8028491163779367
194 254 0.5478089855265542
194 280 0.6123852435093523
194 295 0.5567433002264556
247 212 0.5404414852386308
247 241 0.5777650063028127
247 280 0.5780348594393735
79 322 0.6706580796216077
79 380 0.7808503402765594
322 380 0.7491536111443983
80 121 0.5666074051870523
80 139 0.5586643295134305
121 139 0.566572395086245
121 331 0.6473863060389136
139 179 0.5587982957552053
82 453 0.5408450848277144
453 423 0.583053842420017
453 424 0.5755115624284826
87 300 0.6530493029052106
104 228 0.643133936689495
104 303 0.5670683135359245
329 251 0.5566730406196824
329 463 0.6090794637472163
470 163 0.5571268581418403
94 103 0.6256251172740748
94 249 0.5968082582943931
103 108 0.618251509367757
103 249 0.7095310850296838
103 354 0.56229408209319
249 108 0.6550648198120941
249 354 0.5527807755996226
108 354 0.5519153573774158
228 303 0.622985836242513
106 339 0.6698040767588711
339 140 0.6291862254967469
280 254 0.5660763530961528
120 319 0.6375193293481284
319 431 0.7223699552028146
123 261 0.7690839807278029
123 360 0.7744456746071938
261 360 0.7122148021150391
129 334 0.544443281826868
334 211 0.5785159793764196
131 158 0.5640354286415611
133 134 0.9771452522196723
136 137 0.7417128354085009
136 188 0.5601858917975676
136 408 0.6545921156072992
137 188 0.5566856691491052
137 253 0.5642471736719431
137 408 0.6024180178500492
188 182 0.6027117481287301
188 253 0.635107617706233
188 256 0.614955840077038
188 271 0.6265195219665884
188 318 0.6321986120258969
188 379 0.611600378266363
188 408 0.5855156132265127
188 419 0.5559256747507202
408 253 0.5770546901153092
408 318 0.5603540192710096
253 182 0.5698716053724486
253 256 0.5668190392795738
253 271 0.7492619357914625
253 318 0.7104483400971646
179 180 0.5599157388218315
142 356 0.7776234218682772
145 268 0.5487062675801462
173 434 0.7416451754517088
434 240 0.5549446053772357
434 431 0.5487285435328881
168 359 0.784804360448192
193 250 0.6818189238669319
193 270 0.7870254671466662
193 368 0.5878063095430228
250 270 0.7264759670468187
250 368 0.6061403655476081
270 368 0.5503973351412813
368 209 0.5520835874001249
174 177 0.5801001761126429
180 239 0.7706041416573275
180 363 0.5770012529361546
180 435 0.5684285723621979
239 363 0.6468949256033489
182 256 0.5487041544786957
182 271 0.5603189616869627
182 318 0.5767048158980779
256 271 0.5529577929632558
271 318 0.7054088484756972
379 416 0.6662253025933389
191 217 0.5409995735849235
191 257 0.5584244825241683
191 266 0.6489164179245386
191 321 0.6493436197447489
191 367 0.6171658030843499
257 266 0.5977250908541735
266 321 0.7167494583269738
266 367 0.6949212548247056
321 223 0.568074570713309
321 367 0.7486424737738993
254 295 0.5589529373308507
208 437 0.6595933164550588
209 442 0.7452673599807449
231 332 0.6663551161066851
231 460 0.7247994379625394
332 460 0.6814104759344445
232 328 0.7815331612903488
246 431 0.6155348834281883
251 463 0.5854160614473053
258 364 0.6025575463667389
273 345 0.6186347752184465
273 440 0.6673870619164104
345 440 0.6548657666969362
274 465 0.6584329990262205
276 450 0.8459516530271536
278 336 0.5625170133321584
287 466 0.5576403182774421
298 396 0.6496281453055798
302 341 0.5946580869612198
311 312 0.906631295179547
361 439 0.5877205318472228
373 454 0.7636354481528045
423 424 0.9771402676248333
429 430 0.9345772040145738
